-50.8148 18.5237 
-50.815 18.5228 
-50.8153 18.5219 
-50.8155 18.521 
-50.8157 18.5202 
-50.8159 18.5195 
-50.8161 18.5188 
-50.8163 18.5181 
-50.8165 18.5174 
-50.8167 18.5168 
-50.8168 18.5161 
-50.817 18.5156 
-50.8171 18.515 
-50.8173 18.5145 
-50.8174 18.514 
-50.8175 18.5135 
-50.8176 18.513 
-50.8178 18.5126 
-50.8179 18.5121 
-50.818 18.5117 
-50.8181 18.5113 
-50.8182 18.511 
-50.8182 18.5106 
-50.8183 18.5102 
-50.8184 18.5099 
-50.8185 18.5096 
-50.8186 18.5093 
-50.8186 18.509 
-50.8187 18.5087 
-50.8188 18.5084 
-50.8188 18.5081 
-50.8189 18.5079 
-50.8189 18.5076 
-50.819 18.5074 
-50.819 18.5071 
-50.8191 18.5069 
-50.8191 18.5067 
-50.8191 18.5065 
-50.8192 18.5063 
-50.8192 18.5061 
-50.8193 18.5059 
-50.8193 18.5057 
-50.8193 18.5055 
-50.8194 18.5053 
-50.8194 18.5052 
-50.8194 18.505 
-50.8194 18.5048 
-50.8195 18.5047 
-50.8195 18.5045 
-50.8195 18.5044 
-50.8195 18.5042 
-50.8196 18.5041 
-50.8196 18.5039 
-50.8196 18.5038 
-50.8196 18.5036 
-50.8196 18.5035 
-50.8196 18.5034 
-50.8197 18.5032 
-50.8197 18.5031 
-50.8197 18.503 
-50.8197 18.5029 
-50.8197 18.5027 
-50.8197 18.5026 
-50.8197 18.5025 
-50.8197 18.5024 
-50.8198 18.5023 
-50.8198 18.5021 
-50.8198 18.502 
-50.8198 18.5019 
-50.8198 18.5018 
-50.8198 18.5017 
-50.8198 18.5016 
-50.8198 18.5015 
-50.8198 18.5014 
-50.8198 18.5013 
-50.8198 18.5011 
-50.8198 18.501 
-50.8199 18.5009 
-50.8199 18.5008 
-50.8199 18.5007 
-50.8199 18.5006 
-50.8199 18.5005 
-50.8199 18.5004 
-50.8199 18.5003 
-50.8199 18.5002 
-50.8199 18.5001 
-50.8199 18.5 
-50.8199 18.4999 
-50.8199 18.4998 
-50.8199 18.4997 
-50.8199 18.4996 
-50.8199 18.4995 
-50.8199 18.4994 
-50.8199 18.4993 
-50.8199 18.4992 
-50.8199 18.4991 
-50.8199 18.499 
-50.8199 18.4989 
-50.8199 18.4988 
-50.8199 18.4987 
-50.8199 18.4986 
-50.8199 18.4985 
-50.8199 18.4984 
-50.8199 18.4983 
-50.8199 18.4982 
-50.8199 18.4981 
-50.82 18.498 
-50.82 18.4979 
-50.82 18.4978 
-50.82 18.4977 
-50.82 18.4976 
-50.82 18.4975 
-50.82 18.4974 
-50.82 18.4973 
-50.82 18.4972 
-50.82 18.4971 
-50.82 18.497 
-50.82 18.4969 
-50.82 18.4968 
-50.82 18.4967 
-50.82 18.4966 
-50.82 18.4965 
-50.82 18.4964 
-50.82 18.4963 
-50.82 18.4961 
-50.82 18.496 
-50.82 18.4959 
-50.82 18.4958 
-50.82 18.4957 
-50.82 18.4956 
-50.82 18.4955 
-50.82 18.4954 
-50.82 18.4953 
-50.82 18.4952 
-50.82 18.4951 
-50.82 18.495 
-50.82 18.4949 
-50.82 18.4948 
-50.82 18.4946 
-50.82 18.4945 
-50.82 18.4944 
-50.82 18.4943 
-50.82 18.4942 
-50.82 18.4941 
-50.82 18.494 
-50.82 18.4939 
-50.82 18.4938 
-50.82 18.4936 
-50.82 18.4935 
-50.82 18.4934 
-50.82 18.4933 
-50.82 18.4932 
-50.82 18.4931 
-50.82 18.493 
-50.82 18.4928 
-50.82 18.4927 
-50.82 18.4926 
-50.82 18.4925 
-50.82 18.4924 
-50.82 18.4923 
-50.82 18.4921 
-50.82 18.492 
-50.82 18.4919 
-50.82 18.4918 
-50.82 18.4917 
-50.82 18.4916 
-50.82 18.4914 
-50.82 18.4913 
-50.82 18.4912 
-50.82 18.4911 
-50.82 18.4909 
-50.82 18.4908 
-50.82 18.4907 
-50.82 18.4906 
-50.82 18.4905 
-50.82 18.4903 
-50.82 18.4902 
-50.82 18.4901 
-50.82 18.49 
-50.82 18.4898 
-50.82 18.4897 
-50.82 18.4896 
-50.82 18.4895 
-50.82 18.4893 
-50.82 18.4892 
-50.82 18.4891 
-50.82 18.4889 
-50.82 18.4888 
-50.82 18.4887 
-50.82 18.4886 
-50.82 18.4884 
-50.82 18.4883 
-50.82 18.4882 
-50.82 18.488 
-50.82 18.4879 
-50.82 18.4878 
-50.82 18.4876 
-50.82 18.4875 
-50.82 18.4874 
-50.82 18.4872 
-50.82 18.4871 
-50.82 18.487 
-50.82 18.4868 
-50.82 18.4867 
-50.8201 18.4865 
-50.8201 18.4864 
-50.8201 18.4863 
-50.8201 18.4861 
-50.8201 18.486 
-50.8201 18.4858 
-50.8201 18.4857 
-50.8201 18.4856 
-50.8201 18.4854 
-50.8201 18.4853 
-50.8201 18.4851 
-50.8201 18.485 
-50.8201 18.4849 
-50.8201 18.4847 
-50.8201 18.4846 
-50.8201 18.4844 
-50.8201 18.4843 
-50.8201 18.4841 
-50.8201 18.484 
-50.8201 18.4838 
-50.8201 18.4837 
-50.8201 18.4835 
-50.8201 18.4834 
-50.8201 18.4832 
-50.8201 18.4831 
-50.8201 18.4829 
-50.8201 18.4828 
-50.8201 18.4826 
-50.8201 18.4825 
-50.8201 18.4823 
-50.8201 18.4822 
-50.8201 18.482 
-50.8201 18.4819 
-50.8201 18.4817 
-50.8201 18.4816 
-50.8201 18.4814 
-50.8201 18.4813 
-50.8201 18.4811 
-50.8201 18.4809 
-50.8201 18.4808 
-50.8201 18.4806 
-50.8201 18.4805 
-50.8201 18.4803 
-50.8201 18.4802 
-50.8201 18.48 
-50.8201 18.4798 
-50.8201 18.4797 
-50.8201 18.4795 
-50.8201 18.4793 
-50.8201 18.4792 
-50.8201 18.479 
-50.8201 18.4789 
-50.8201 18.4787 
-50.8201 18.4785 
-50.8201 18.4784 
-50.8201 18.4782 
-50.8201 18.478 
-50.8201 18.4779 
-50.8201 18.4777 
-50.8201 18.4775 
-50.8201 18.4773 
-50.8201 18.4772 
-50.8201 18.477 
-50.8201 18.4768 
-50.8201 18.4767 
-50.8201 18.4765 
-50.8201 18.4763 
-50.8201 18.4761 
-50.8201 18.476 
-50.8201 18.4758 
-50.8201 18.4756 
-50.8201 18.4754 
-50.8201 18.4753 
-50.8201 18.4751 
-50.8201 18.4749 
-50.8201 18.4747 
-50.8201 18.4745 
-50.8201 18.4744 
-50.8201 18.4742 
-50.8201 18.474 
-50.8201 18.4738 
-50.8201 18.4736 
-50.8201 18.4734 
-50.8201 18.4733 
-50.8201 18.4731 
-50.8201 18.4729 
-50.8201 18.4727 
-50.8201 18.4725 
-50.8201 18.4723 
-50.8202 18.4721 
-50.8202 18.472 
-50.8202 18.4718 
-50.8202 18.4716 
-50.8202 18.4714 
-50.8202 18.4712 
-50.8202 18.471 
-50.8202 18.4708 
-50.8202 18.4706 
-50.8202 18.4704 
-50.8202 18.4702 
-50.8202 18.47 
-50.8202 18.4698 
-50.8202 18.4696 
-50.8202 18.4694 
-50.8202 18.4692 
-50.8202 18.469 
-50.8202 18.4688 
-50.8202 18.4686 
-50.8202 18.4684 
-50.8202 18.4682 
-50.8202 18.468 
-50.8202 18.4678 
-50.8202 18.4676 
-50.8202 18.4674 
-50.8202 18.4672 
-50.8202 18.467 
-50.8202 18.4668 
-50.8202 18.4666 
-50.8202 18.4664 
-50.8202 18.4662 
-50.8202 18.466 
-50.8202 18.4657 
-50.8202 18.4655 
-50.8202 18.4653 
-50.8202 18.4651 
-50.8202 18.4649 
-50.8202 18.4647 
-50.8202 18.4645 
-50.8202 18.4642 
-50.8202 18.464 
-50.8202 18.4638 
-50.8202 18.4636 
-50.8202 18.4634 
-50.8202 18.4632 
-50.8202 18.4629 
-50.8202 18.4627 
-50.8202 18.4625 
-50.8202 18.4623 
-50.8202 18.462 
-50.8202 18.4618 
-50.8202 18.4616 
-50.8202 18.4614 
-50.8202 18.4611 
-50.8202 18.4609 
-50.8202 18.4607 
-50.8202 18.4604 
-50.8202 18.4602 
-50.8202 18.46 
-50.8202 18.4598 
-50.8202 18.4595 
-50.8202 18.4593 
-50.8202 18.4591 
-50.8202 18.4588 
-50.8202 18.4586 
-50.8202 18.4583 
-50.8202 18.4581 
-50.8202 18.4579 
-50.8203 18.4576 
-50.8203 18.4574 
-50.8203 18.4571 
-50.8203 18.4569 
-50.8203 18.4567 
-50.8203 18.4564 
-50.8203 18.4562 
-50.8203 18.4559 
-50.8203 18.4557 
-50.8203 18.4554 
-50.8203 18.4552 
-50.8203 18.4549 
-50.8203 18.4547 
-50.8203 18.4544 
-50.8203 18.4542 
-50.8203 18.4539 
-50.8203 18.4537 
-50.8203 18.4534 
-50.8203 18.4532 
-50.8203 18.4529 
-50.8203 18.4526 
-50.8203 18.4524 
-50.8203 18.4521 
-50.8203 18.4519 
-50.8203 18.4516 
-50.8203 18.4513 
-50.8203 18.4511 
-50.8203 18.4508 
-50.8203 18.4505 
-50.8203 18.4503 
-50.8203 18.45 
-50.8203 18.4497 
-50.8203 18.4495 
-50.8203 18.4492 
-50.8203 18.4489 
-50.8203 18.4487 
-50.8203 18.4484 
-50.8203 18.4481 
-50.8203 18.4478 
-50.8203 18.4476 
-50.8203 18.4473 
-50.8203 18.447 
-50.8203 18.4467 
-50.8203 18.4465 
-50.8203 18.4462 
-50.8203 18.4459 
-50.8203 18.4456 
-50.8203 18.4453 
-50.8203 18.445 
-50.8203 18.4448 
-50.8203 18.4445 
-50.8203 18.4442 
-50.8203 18.4439 
-50.8203 18.4436 
-50.8204 18.4433 
-50.8204 18.443 
-50.8204 18.4427 
-50.8204 18.4424 
-50.8204 18.4421 
-50.8204 18.4418 
-50.8204 18.4415 
-50.8204 18.4412 
-50.8204 18.4409 
-50.8204 18.4406 
-50.8204 18.4403 
-50.8204 18.44 
-50.8204 18.4397 
-50.8204 18.4394 
-50.8204 18.4391 
-50.8204 18.4388 
-50.8204 18.4385 
-50.8204 18.4382 
-50.8204 18.4379 
-50.8204 18.4376 
-50.8204 18.4373 
-50.8204 18.437 
-50.8204 18.4366 
-50.8204 18.4363 
-50.8204 18.436 
-50.8204 18.4357 
-50.8204 18.4354 
-50.8204 18.4351 
-50.8204 18.4347 
-50.8204 18.4344 
-50.8204 18.4341 
-50.8204 18.4338 
-50.8204 18.4334 
-50.8204 18.4331 
-50.8204 18.4328 
-50.8204 18.4325 
-50.8204 18.4321 
-50.8204 18.4318 
-50.8204 18.4315 
-50.8204 18.4311 
-50.8204 18.4308 
-50.8204 18.4305 
-50.8204 18.4301 
-50.8204 18.4298 
-50.8204 18.4294 
-50.8204 18.4291 
-50.8204 18.4288 
-50.8205 18.4284 
-50.8205 18.4281 
-50.8205 18.4277 
-50.8205 18.4274 
-50.8205 18.427 
-50.8205 18.4267 
-50.8205 18.4263 
-50.8205 18.426 
-50.8205 18.4256 
-50.8205 18.4253 
-50.8205 18.4249 
-50.8205 18.4245 
-50.8205 18.4242 
-50.8205 18.4238 
-50.8205 18.4235 
-50.8205 18.4231 
-50.8205 18.4227 
-50.8205 18.4224 
-50.8205 18.422 
-50.8205 18.4216 
-50.8205 18.4213 
-50.8205 18.4209 
-50.8205 18.4205 
-50.8205 18.4202 
-50.8205 18.4198 
-50.8205 18.4194 
-50.8205 18.419 
-50.8205 18.4186 
-50.8205 18.4183 
-50.8205 18.4179 
-50.8205 18.4175 
-50.8205 18.4171 
-50.8205 18.4167 
-50.8205 18.4163 
-50.8205 18.416 
-50.8205 18.4156 
-50.8205 18.4152 
-50.8205 18.4148 
-50.8205 18.4144 
-50.8206 18.414 
-50.8206 18.4136 
-50.8206 18.4132 
-50.8206 18.4128 
-50.8206 18.4124 
-50.8206 18.412 
-50.8206 18.4116 
-50.8206 18.4112 
-50.8206 18.4108 
-50.8206 18.4104 
-50.8206 18.41 
-50.8206 18.4096 
-50.8206 18.4092 
-50.8206 18.4087 
-50.8206 18.4083 
-50.8206 18.4079 
-50.8206 18.4075 
-50.8206 18.4071 
-50.8206 18.4066 
-50.8206 18.4062 
-50.8206 18.4058 
-50.8206 18.4054 
-50.8206 18.4049 
-50.8206 18.4045 
-50.8206 18.4041 
-50.8206 18.4037 
-50.8206 18.4032 
-50.8206 18.4028 
-50.8206 18.4024 
-50.8206 18.4019 
-50.8206 18.4015 
-50.8206 18.401 
-50.8206 18.4006 
-50.8206 18.4002 
-50.8206 18.3997 
-50.8207 18.3993 
-50.8207 18.3988 
-50.8207 18.3984 
-50.8207 18.3979 
-50.8207 18.3975 
-50.8207 18.397 
-50.8207 18.3965 
-50.8207 18.3961 
-50.8207 18.3956 
-50.8207 18.3952 
-50.8207 18.3947 
-50.8207 18.3942 
-50.8207 18.3938 
-50.8207 18.3933 
-50.8207 18.3928 
-50.8207 18.3924 
-50.8207 18.3919 
-50.8207 18.3914 
-50.8207 18.3909 
-50.8207 18.3904 
-50.8207 18.39 
-50.8207 18.3895 
-50.8207 18.389 
-50.8207 18.3885 
-50.8207 18.388 
-50.8207 18.3875 
-50.8207 18.3871 
-50.8207 18.3866 
-50.8207 18.3861 
-50.8207 18.3856 
-50.8208 18.3851 
-50.8208 18.3846 
-50.8208 18.3841 
-50.8208 18.3836 
-50.8208 18.3831 
-50.8208 18.3826 
-50.8208 18.382 
-50.8208 18.3815 
-50.8208 18.381 
-50.8208 18.3805 
-50.8208 18.38 
-50.8208 18.3795 
-50.8208 18.379 
-50.8208 18.3784 
-50.8208 18.3779 
-50.8208 18.3774 
-50.8208 18.3769 
-50.8208 18.3763 
-50.8208 18.3758 
-50.8208 18.3753 
-50.8208 18.3747 
-50.8208 18.3742 
-50.8208 18.3737 
-50.8208 18.3731 
-50.8208 18.3726 
-50.8208 18.372 
-50.8208 18.3715 
-50.8208 18.3709 
-50.8209 18.3704 
-50.8209 18.3698 
-50.8209 18.3693 
-50.8209 18.3687 
-50.8209 18.3682 
-50.8209 18.3676 
-50.8209 18.3671 
-50.8209 18.3665 
-50.8209 18.3659 
-50.8209 18.3654 
-50.8209 18.3648 
-50.8209 18.3642 
-50.8209 18.3636 
-50.8209 18.3631 
-50.8209 18.3625 
-50.8209 18.3619 
-50.8209 18.3613 
-50.8209 18.3607 
-50.8209 18.3602 
-50.8209 18.3596 
-50.8209 18.359 
-50.8209 18.3584 
-50.8209 18.3578 
-50.8209 18.3572 
-50.8209 18.3566 
-50.8209 18.356 
-50.821 18.3554 
-50.821 18.3548 
-50.821 18.3542 
-50.821 18.3536 
-50.821 18.353 
-50.821 18.3523 
-50.821 18.3517 
-50.821 18.3511 
-50.821 18.3505 
-50.821 18.3499 
-50.821 18.3492 
-50.821 18.3486 
-50.821 18.348 
-50.821 18.3474 
-50.821 18.3467 
-50.821 18.3461 
-50.821 18.3454 
-50.821 18.3448 
-50.821 18.3442 
-50.821 18.3435 
-50.821 18.3429 
-50.821 18.3422 
-50.821 18.3416 
-50.8211 18.3409 
-50.8211 18.3403 
-50.8211 18.3396 
-50.8211 18.3389 
-50.8211 18.3383 
-50.8211 18.3376 
-50.8211 18.3369 
-50.8211 18.3363 
-50.8211 18.3356 
-50.8211 18.3349 
-50.8211 18.3342 
-50.8211 18.3336 
-50.8211 18.3329 
-50.8211 18.3322 
-50.8211 18.3315 
-50.8211 18.3308 
-50.8211 18.3301 
-50.8211 18.3294 
-50.8211 18.3287 
-50.8211 18.328 
-50.8211 18.3273 
-50.8212 18.3266 
-50.8212 18.3259 
-50.8212 18.3252 
-50.8212 18.3245 
-50.8212 18.3238 
-50.8212 18.3231 
-50.8212 18.3223 
-50.8212 18.3216 
-50.8212 18.3209 
-50.8212 18.3202 
-50.8212 18.3194 
-50.8212 18.3187 
-50.8212 18.318 
-50.8212 18.3172 
-50.8212 18.3165 
-50.8212 18.3157 
-50.8212 18.315 
-50.8212 18.3142 
-50.8212 18.3135 
-50.8212 18.3127 
-50.8213 18.312 
-50.8213 18.3112 
-50.8213 18.3105 
-50.8213 18.3097 
-50.8213 18.3089 
-50.8213 18.3081 
-50.8213 18.3074 
-50.8213 18.3066 
-50.8213 18.3058 
-50.8213 18.305 
-50.8213 18.3043 
-50.8213 18.3035 
-50.8213 18.3027 
-50.8213 18.3019 
-50.8213 18.3011 
-50.8213 18.3003 
-50.8213 18.2995 
-50.8213 18.2987 
-50.8214 18.2979 
-50.8214 18.2971 
-50.8214 18.2963 
-50.8214 18.2954 
-50.8214 18.2946 
-50.8214 18.2938 
-50.8214 18.293 
-50.8214 18.2921 
-50.8214 18.2913 
-50.8214 18.2905 
-50.8214 18.2896 
-50.8214 18.2888 
-50.8214 18.288 
-50.8214 18.2871 
-50.8214 18.2863 
-50.8214 18.2854 
-50.8214 18.2846 
-50.8214 18.2837 
-50.8215 18.2828 
-50.8215 18.282 
-50.8215 18.2811 
-50.8215 18.2802 
-50.8215 18.2794 
-50.8215 18.2785 
-50.8215 18.2776 
-50.8215 18.2767 
-50.8215 18.2758 
-50.8215 18.275 
-50.8215 18.2741 
-50.8215 18.2732 
-50.8215 18.2723 
-50.8215 18.2714 
-50.8215 18.2705 
-50.8215 18.2696 
-50.8216 18.2686 
-50.8216 18.2677 
-50.8216 18.2668 
-50.8216 18.2659 
-50.8216 18.265 
-50.8216 18.264 
-50.8216 18.2631 
-50.8216 18.2622 
-50.8216 18.2612 
-50.8216 18.2603 
-50.8216 18.2594 
-50.8216 18.2584 
-50.8216 18.2575 
-50.8216 18.2565 
-50.8216 18.2555 
-50.8216 18.2546 
-50.8217 18.2536 
-50.8217 18.2527 
-50.8217 18.2517 
-50.8217 18.2507 
-50.8217 18.2497 
-50.8217 18.2487 
-50.8217 18.2478 
-50.8217 18.2468 
-50.8217 18.2458 
-50.8217 18.2448 
-50.8217 18.2438 
-50.8217 18.2428 
-50.8217 18.2418 
-50.8217 18.2408 
-50.8218 18.2398 
-50.8218 18.2387 
-50.8218 18.2377 
-50.8218 18.2367 
-50.8218 18.2357 
-50.8218 18.2346 
-50.8218 18.2336 
-50.8218 18.2326 
-50.8218 18.2315 
-50.8218 18.2305 
-50.8218 18.2294 
-50.8218 18.2284 
-50.8218 18.2273 
-50.8218 18.2262 
-50.8218 18.2252 
-50.8219 18.2241 
-50.8219 18.223 
-50.8219 18.222 
-50.8219 18.2209 
-50.8219 18.2198 
-50.8219 18.2187 
-50.8219 18.2176 
-50.8219 18.2165 
-50.8219 18.2154 
-50.8219 18.2143 
-50.8219 18.2132 
-50.8219 18.2121 
-50.8219 18.211 
-50.822 18.2099 
-50.822 18.2087 
-50.822 18.2076 
-50.822 18.2065 
-50.822 18.2053 
-50.822 18.2042 
-50.822 18.2031 
-50.822 18.2019 
-50.822 18.2008 
-50.822 18.1996 
-50.822 18.1984 
-50.822 18.1973 
-50.8221 18.1961 
-50.8221 18.1949 
-50.8221 18.1938 
-50.8221 18.1926 
-50.8221 18.1914 
-50.8221 18.1902 
-50.8221 18.189 
-50.8221 18.1878 
-50.8221 18.1866 
-50.8221 18.1854 
-50.8221 18.1842 
-50.8221 18.183 
-50.8222 18.1818 
-50.8222 18.1805 
-50.8222 18.1793 
-50.8222 18.1781 
-50.8222 18.1768 
-50.8222 18.1756 
-50.8222 18.1744 
-50.8222 18.1731 
-50.8222 18.1718 
-50.8222 18.1706 
-50.8222 18.1693 
-50.8222 18.1681 
-50.8223 18.1668 
-50.8223 18.1655 
-50.8223 18.1642 
-50.8223 18.1629 
-50.8223 18.1616 
-50.8223 18.1604 
-50.8223 18.1591 
-50.8223 18.1577 
-50.8223 18.1564 
-50.8223 18.1551 
-50.8223 18.1538 
-50.8224 18.1525 
-50.8224 18.1512 
-50.8224 18.1498 
-50.8224 18.1485 
-50.8224 18.1471 
-50.8224 18.1458 
-50.8224 18.1444 
-50.8224 18.1431 
-50.8224 18.1417 
-50.8224 18.1404 
-50.8224 18.139 
-50.8225 18.1376 
-50.8225 18.1362 
-50.8225 18.1348 
-50.8225 18.1335 
-50.8225 18.1321 
-50.8225 18.1307 
-50.8225 18.1293 
-50.8225 18.1278 
-50.8225 18.1264 
-50.8225 18.125 
-50.8226 18.1236 
-50.8226 18.1221 
-50.8226 18.1207 
-50.8226 18.1193 
-50.8226 18.1178 
-50.8226 18.1164 
-50.8226 18.1149 
-50.8226 18.1135 
-50.8226 18.112 
-50.8226 18.1105 
-50.8227 18.109 
-50.8227 18.1076 
-50.8227 18.1061 
-50.8227 18.1046 
-50.8227 18.1031 
-50.8227 18.1016 
-50.8227 18.1001 
-50.8227 18.0985 
-50.8227 18.097 
-50.8227 18.0955 
-50.8228 18.094 
-50.8228 18.0924 
-50.8228 18.0909 
-50.8228 18.0893 
-50.8228 18.0878 
-50.8228 18.0862 
-50.8228 18.0847 
-50.8228 18.0831 
-50.8228 18.0815 
-50.8229 18.0799 
-50.8229 18.0784 
-50.8229 18.0768 
-50.8229 18.0752 
-50.8229 18.0736 
-50.8229 18.072 
-50.8229 18.0703 
-50.8229 18.0687 
-50.8229 18.0671 
-50.823 18.0655 
-50.823 18.0638 
-50.823 18.0622 
-50.823 18.0605 
-50.823 18.0589 
-50.823 18.0572 
-50.823 18.0555 
-50.823 18.0539 
-50.823 18.0522 
-50.8231 18.0505 
-50.8231 18.0488 
-50.8231 18.0471 
-50.8231 18.0454 
-50.8231 18.0437 
-50.8231 18.042 
-50.8231 18.0403 
-50.8231 18.0385 
-50.8232 18.0368 
-50.8232 18.0351 
-50.8232 18.0333 
-50.8232 18.0316 
-50.8232 18.0298 
-50.8232 18.028 
-50.8232 18.0263 
-50.8232 18.0245 
-50.8232 18.0227 
-50.8233 18.0209 
-50.8233 18.0191 
-50.8233 18.0173 
-50.8233 18.0155 
-50.8233 18.0137 
-50.8233 18.0119 
-50.8233 18.01 
-50.8233 18.0082 
-50.8234 18.0064 
-50.8234 18.0045 
-50.8234 18.0027 
-50.8234 18.0008 
-50.8234 17.9989 
-50.8234 17.9971 
-50.8234 17.9952 
-50.8235 17.9933 
-50.8235 17.9914 
-50.8235 17.9895 
-50.8235 17.9876 
-50.8235 17.9857 
-50.8235 17.9838 
-50.8235 17.9818 
-50.8235 17.9799 
-50.8236 17.9779 
-50.8236 17.976 
-50.8236 17.974 
-50.8236 17.9721 
-50.8236 17.9701 
-50.8236 17.9681 
-50.8236 17.9661 
-50.8237 17.9642 
-50.8237 17.9622 
-50.8237 17.9601 
-50.8237 17.9581 
-50.8237 17.9561 
-50.8237 17.9541 
-50.8237 17.9521 
-50.8237 17.95 
-50.8238 17.948 
-50.8238 17.9459 
-50.8238 17.9438 
-50.8238 17.9418 
-50.8238 17.9397 
-50.8238 17.9376 
-50.8238 17.9355 
-50.8239 17.9334 
-50.8239 17.9313 
-50.8239 17.9292 
-50.8239 17.9271 
-50.8239 17.9249 
-50.8239 17.9228 
-50.824 17.9207 
-50.824 17.9185 
-50.824 17.9163 
-50.824 17.9142 
-50.824 17.912 
-50.824 17.9098 
-50.824 17.9076 
-50.8241 17.9054 
-50.8241 17.9032 
-50.8241 17.901 
-50.8241 17.8988 
-50.8241 17.8965 
-50.8241 17.8943 
-50.8242 17.8921 
-50.8242 17.8898 
-50.8242 17.8875 
-50.8242 17.8853 
-50.8242 17.883 
-50.8242 17.8807 
-50.8242 17.8784 
-50.8243 17.8761 
-50.8243 17.8738 
-50.8243 17.8715 
-50.8243 17.8691 
-50.8243 17.8668 
-50.8243 17.8645 
-50.8244 17.8621 
-50.8244 17.8597 
-50.8244 17.8574 
-50.8244 17.855 
-50.8244 17.8526 
-50.8244 17.8502 
-50.8245 17.8478 
-50.8245 17.8454 
-50.8245 17.843 
-50.8245 17.8405 
-50.8245 17.8381 
-50.8245 17.8357 
-50.8246 17.8332 
-50.8246 17.8307 
-50.8246 17.8283 
-50.8246 17.8258 
-50.8246 17.8233 
-50.8246 17.8208 
-50.8247 17.8183 
-50.8247 17.8158 
-50.8247 17.8132 
-50.8247 17.8107 
-50.8247 17.8082 
-50.8247 17.8056 
-50.8248 17.803 
-50.8248 17.8005 
-50.8248 17.7979 
-50.8248 17.7953 
-50.8248 17.7927 
-50.8249 17.7901 
-50.8249 17.7875 
-50.8249 17.7848 
-50.8249 17.7822 
-50.8249 17.7796 
-50.8249 17.7769 
-50.825 17.7742 
-50.825 17.7716 
-50.825 17.7689 
-50.825 17.7662 
-50.825 17.7635 
-50.8251 17.7608 
-50.8251 17.758 
-50.8251 17.7553 
-50.8251 17.7526 
-50.8251 17.7498 
-50.8252 17.7471 
-50.8252 17.7443 
-50.8252 17.7415 
-50.8252 17.7387 
-50.8252 17.7359 
-50.8252 17.7331 
-50.8253 17.7303 
-50.8253 17.7275 
-50.8253 17.7246 
-50.8253 17.7218 
-50.8253 17.7189 
-50.8254 17.716 
-50.8254 17.7131 
-50.8254 17.7103 
-50.8254 17.7074 
-50.8254 17.7044 
-50.8255 17.7015 
-50.8255 17.6986 
-50.8255 17.6956 
-50.8255 17.6927 
-50.8256 17.6897 
-50.8256 17.6867 
-50.8256 17.6838 
-50.8256 17.6808 
-50.8256 17.6778 
-50.8257 17.6747 
-50.8257 17.6717 
-50.8257 17.6687 
-50.8257 17.6656 
-50.8257 17.6626 
-50.8258 17.6595 
-50.8258 17.6564 
-50.8258 17.6533 
-50.8258 17.6502 
-50.8258 17.6471 
-50.8259 17.644 
-50.8259 17.6408 
-50.8259 17.6377 
-50.8259 17.6345 
-50.826 17.6313 
-50.826 17.6282 
-50.826 17.625 
-50.826 17.6218 
-50.826 17.6185 
-50.8261 17.6153 
-50.8261 17.6121 
-50.8261 17.6088 
-50.8261 17.6056 
-50.8262 17.6023 
-50.8262 17.599 
-50.8262 17.5957 
-50.8262 17.5924 
-50.8262 17.5891 
-50.8263 17.5857 
-50.8263 17.5824 
-50.8263 17.579 
-50.8263 17.5757 
-50.8264 17.5723 
-50.8264 17.5689 
-50.8264 17.5655 
-50.8264 17.5621 
-50.8265 17.5586 
-50.8265 17.5552 
-50.8265 17.5518 
-50.8265 17.5483 
-50.8266 17.5448 
-50.8266 17.5413 
-50.8266 17.5378 
-50.8266 17.5343 
-50.8267 17.5308 
-50.8267 17.5272 
-50.8267 17.5237 
-50.8267 17.5201 
-50.8267 17.5165 
-50.8268 17.5129 
-50.8268 17.5093 
-50.8268 17.5057 
-50.8269 17.5021 
-50.8269 17.4985 
-50.8269 17.4948 
-50.8269 17.4911 
-50.827 17.4874 
-50.827 17.4838 
-50.827 17.48 
-50.827 17.4763 
-50.8271 17.4726 
-50.8271 17.4688 
-50.8271 17.4651 
-50.8271 17.4613 
-50.8272 17.4575 
-50.8272 17.4537 
-50.8272 17.4499 
-50.8272 17.4461 
-50.8273 17.4422 
-50.8273 17.4384 
-50.8273 17.4345 
-50.8273 17.4306 
-50.8274 17.4267 
-50.8274 17.4228 
-50.8274 17.4189 
-50.8275 17.415 
-50.8275 17.411 
-50.8275 17.407 
-50.8275 17.4031 
-50.8276 17.3991 
-50.8276 17.3951 
-50.8276 17.391 
-50.8276 17.387 
-50.8277 17.3829 
-50.8277 17.3789 
-50.8277 17.3748 
-50.8278 17.3707 
-50.8278 17.3666 
-50.8278 17.3625 
-50.8278 17.3583 
-50.8279 17.3542 
-50.8279 17.35 
-50.8279 17.3458 
-50.828 17.3416 
-50.828 17.3374 
-50.828 17.3332 
-50.8281 17.329 
-50.8281 17.3247 
-50.8281 17.3204 
-50.8281 17.3161 
-50.8282 17.3118 
-50.8282 17.3075 
-50.8282 17.3032 
-50.8283 17.2988 
-50.8283 17.2945 
-50.8283 17.2901 
-50.8284 17.2857 
-50.8284 17.2813 
-50.8284 17.2768 
-50.8284 17.2724 
-50.8285 17.2679 
-50.8285 17.2635 
-50.8285 17.259 
-50.8286 17.2545 
-50.8286 17.25 
-50.8286 17.2454 
-50.8287 17.2409 
-50.8287 17.2363 
-50.8287 17.2317 
-50.8288 17.2271 
-50.8288 17.2225 
-50.8288 17.2178 
-50.8289 17.2132 
-50.8289 17.2085 
-50.8289 17.2038 
-50.829 17.1991 
-50.829 17.1944 
-50.829 17.1897 
-50.8291 17.1849 
-50.8291 17.1802 
-50.8291 17.1754 
-50.8292 17.1706 
-50.8292 17.1657 
-50.8292 17.1609 
-50.8293 17.1561 
-50.8293 17.1512 
-50.8293 17.1463 
-50.8294 17.1414 
-50.8294 17.1365 
-50.8294 17.1315 
-50.8295 17.1266 
-50.8295 17.1216 
-50.8295 17.1166 
-50.8296 17.1116 
-50.8296 17.1066 
-50.8296 17.1015 
-50.8297 17.0964 
-50.8297 17.0914 
-50.8297 17.0863 
-50.8298 17.0811 
-50.8298 17.076 
-50.8298 17.0708 
-50.8299 17.0657 
-50.8299 17.0605 
-50.83 17.0553 
-50.83 17.05 
-50.83 17.0448 
-50.8301 17.0395 
-50.8301 17.0342 
-50.8301 17.0289 
-50.8302 17.0236 
-50.8302 17.0183 
-50.8302 17.0129 
-50.8303 17.0075 
-50.8303 17.0021 
-50.8304 16.9967 
-50.8304 16.9913 
-50.8304 16.9858 
-50.8305 16.9803 
-50.8305 16.9748 
-50.8306 16.9693 
-50.8306 16.9638 
-50.8306 16.9582 
-50.8307 16.9526 
-50.8307 16.9471 
-50.8307 16.9414 
-50.8308 16.9358 
-50.8308 16.9302 
-50.8309 16.9245 
-50.8309 16.9188 
-50.8309 16.9131 
-50.831 16.9073 
-50.831 16.9016 
-50.8311 16.8958 
-50.8311 16.89 
-50.8311 16.8842 
-50.8312 16.8784 
-50.8312 16.8725 
-50.8313 16.8666 
-50.8313 16.8607 
-50.8313 16.8548 
-50.8314 16.8489 
-50.8314 16.8429 
-50.8315 16.8369 
-50.8315 16.8309 
-50.8316 16.8249 
-50.8316 16.8188 
-50.8316 16.8128 
-50.8317 16.8067 
-50.8317 16.8006 
-50.8318 16.7944 
-50.8318 16.7883 
-50.8319 16.7821 
-50.8319 16.7759 
-50.8319 16.7697 
-50.832 16.7634 
-50.832 16.7572 
-50.8321 16.7509 
-50.8321 16.7446 
-50.8322 16.7382 
-50.8322 16.7319 
-50.8322 16.7255 
-50.8323 16.7191 
-50.8323 16.7127 
-50.8324 16.7062 
-50.8324 16.6998 
-50.8325 16.6933 
-50.8325 16.6868 
-50.8326 16.6802 
-50.8326 16.6737 
-50.8327 16.6671 
-50.8327 16.6605 
-50.8327 16.6538 
-50.8328 16.6472 
-50.8328 16.6405 
-50.8329 16.6338 
-50.8329 16.6271 
-50.833 16.6203 
-50.833 16.6135 
-50.8331 16.6068 
-50.8331 16.5999 
-50.8332 16.5931 
-50.8332 16.5862 
-50.8333 16.5793 
-50.8333 16.5724 
-50.8334 16.5655 
-50.8334 16.5585 
-50.8335 16.5515 
-50.8335 16.5445 
-50.8336 16.5374 
-50.8336 16.5304 
-50.8337 16.5233 
-50.8337 16.5162 
-50.8338 16.509 
-50.8338 16.5019 
-50.8339 16.4947 
-50.8339 16.4874 
-50.834 16.4802 
-50.834 16.4729 
-50.8341 16.4656 
-50.8341 16.4583 
-50.8342 16.451 
-50.8342 16.4436 
-50.8343 16.4362 
-50.8343 16.4288 
-50.8344 16.4213 
-50.8344 16.4138 
-50.8345 16.4063 
-50.8345 16.3988 
-50.8346 16.3912 
-50.8346 16.3836 
-50.8347 16.376 
-50.8347 16.3684 
-50.8348 16.3607 
-50.8349 16.353 
-50.8349 16.3453 
-50.835 16.3376 
-50.835 16.3298 
-50.8351 16.322 
-50.8351 16.3142 
-50.8352 16.3063 
-50.8352 16.2984 
-50.8353 16.2905 
-50.8353 16.2825 
-50.8354 16.2746 
-50.8355 16.2666 
-50.8355 16.2586 
-50.8356 16.2505 
-50.8356 16.2424 
-50.8357 16.2343 
-50.8357 16.2262 
-50.8358 16.218 
-50.8359 16.2098 
-50.8359 16.2016 
-50.836 16.1933 
-50.836 16.185 
-50.8361 16.1767 
-50.8361 16.1684 
-50.8362 16.16 
-50.8363 16.1516 
-50.8363 16.1431 
-50.8364 16.1347 
-50.8364 16.1262 
-50.8365 16.1177 
-50.8366 16.1091 
-50.8366 16.1005 
-50.8367 16.0919 
-50.8367 16.0833 
-50.8368 16.0746 
-50.8369 16.0659 
-50.8369 16.0571 
-50.837 16.0484 
-50.837 16.0396 
-50.8371 16.0307 
-50.8372 16.0219 
-50.8372 16.013 
-50.8373 16.004 
-50.8374 15.9951 
-50.8374 15.9861 
-50.8375 15.9771 
-50.8375 15.968 
-50.8376 15.9589 
-50.8377 15.9498 
-50.8377 15.9407 
-50.8378 15.9315 
-50.8379 15.9223 
-50.8379 15.913 
-50.838 15.9038 
-50.8381 15.8944 
-50.8381 15.8851 
-50.8382 15.8757 
-50.8383 15.8663 
-50.8383 15.8569 
-50.8384 15.8474 
-50.8385 15.8379 
-50.8385 15.8283 
-50.8386 15.8188 
-50.8387 15.8091 
-50.8387 15.7995 
-50.8388 15.7898 
-50.8389 15.7801 
-50.8389 15.7703 
-50.839 15.7606 
-50.8391 15.7507 
-50.8391 15.7409 
-50.8392 15.731 
-50.8393 15.7211 
-50.8394 15.7111 
-50.8394 15.7011 
-50.8395 15.6911 
-50.8396 15.681 
-50.8396 15.6709 
-50.8397 15.6608 
-50.8398 15.6506 
-50.8398 15.6404 
-50.8399 15.6302 
-50.84 15.6199 
-50.8401 15.6096 
-50.8401 15.5992 
-50.8402 15.5888 
-50.8403 15.5784 
-50.8404 15.5679 
-50.8404 15.5574 
-50.8405 15.5469 
-50.8406 15.5363 
-50.8407 15.5257 
-50.8407 15.5151 
-50.8408 15.5044 
-50.8409 15.4937 
-50.841 15.4829 
-50.841 15.4721 
-50.8411 15.4613 
-50.8412 15.4504 
-50.8413 15.4395 
-50.8413 15.4285 
-50.8414 15.4175 
-50.8415 15.4065 
-50.8416 15.3954 
-50.8417 15.3843 
-50.8417 15.3732 
-50.8418 15.362 
-50.8419 15.3507 
-50.842 15.3395 
-50.842 15.3282 
-50.8421 15.3168 
-50.8422 15.3054 
-50.8423 15.294 
-50.8424 15.2825 
-50.8424 15.271 
-50.8425 15.2595 
-50.8426 15.2479 
-50.8427 15.2363 
-50.8428 15.2246 
-50.8429 15.2129 
-50.8429 15.2011 
-50.843 15.1893 
-50.8431 15.1775 
-50.8432 15.1656 
-50.8433 15.1537 
-50.8434 15.1417 
-50.8434 15.1297 
-50.8435 15.1177 
-50.8436 15.1056 
-50.8437 15.0934 
-50.8438 15.0813 
-50.8439 15.069 
-50.844 15.0568 
-50.8441 15.0445 
-50.8441 15.0321 
-50.8442 15.0197 
-50.8443 15.0073 
-50.8444 14.9948 
-50.8445 14.9823 
-50.8446 14.9697 
-50.8447 14.9571 
-50.8448 14.9444 
-50.8448 14.9317 
-50.8449 14.919 
-50.845 14.9062 
-50.8451 14.8934 
-50.8452 14.8805 
-50.8453 14.8675 
-50.8454 14.8546 
-50.8455 14.8415 
-50.8456 14.8285 
-50.8457 14.8154 
-50.8458 14.8022 
-50.8459 14.789 
-50.846 14.7758 
-50.846 14.7625 
-50.8461 14.7491 
-50.8462 14.7357 
-50.8463 14.7223 
-50.8464 14.7088 
-50.8465 14.6953 
-50.8466 14.6817 
-50.8467 14.668 
-50.8468 14.6544 
-50.8469 14.6406 
-50.847 14.6269 
-50.8471 14.613 
-50.8472 14.5992 
-50.8473 14.5853 
-50.8474 14.5713 
-50.8475 14.5573 
-50.8476 14.5432 
-50.8477 14.5291 
-50.8478 14.5149 
-50.8479 14.5007 
-50.848 14.4864 
-50.8481 14.4721 
-50.8482 14.4577 
-50.8483 14.4433 
-50.8484 14.4288 
-50.8485 14.4143 
-50.8486 14.3998 
-50.8487 14.3851 
-50.8488 14.3705 
-50.8489 14.3557 
-50.849 14.3409 
-50.8491 14.3261 
-50.8492 14.3112 
-50.8494 14.2963 
-50.8495 14.2813 
-50.8496 14.2663 
-50.8497 14.2512 
-50.8498 14.236 
-50.8499 14.2208 
-50.85 14.2056 
-50.8501 14.1903 
-50.8502 14.1749 
-50.8503 14.1595 
-50.8504 14.144 
-50.8505 14.1285 
-50.8507 14.1129 
-50.8508 14.0973 
-50.8509 14.0816 
-50.851 14.0658 
-50.8511 14.05 
-50.8512 14.0342 
-50.8513 14.0183 
-50.8514 14.0023 
-50.8516 13.9863 
-50.8517 13.9702 
-50.8518 13.9541 
-50.8519 13.9379 
-50.852 13.9216 
-50.8521 13.9053 
-50.8523 13.889 
-50.8524 13.8725 
-50.8525 13.856 
-50.8526 13.8395 
-50.8527 13.8229 
-50.8528 13.8063 
-50.853 13.7895 
-50.8531 13.7728 
-50.8532 13.7559 
-50.8533 13.7391 
-50.8534 13.7221 
-50.8536 13.7051 
-50.8537 13.688 
-50.8538 13.6709 
-50.8539 13.6537 
-50.8541 13.6365 
-50.8542 13.6191 
-50.8543 13.6018 
-50.8544 13.5843 
-50.8546 13.5668 
-50.8547 13.5493 
-50.8548 13.5317 
-50.8549 13.514 
-50.8551 13.4962 
-50.8552 13.4784 
-50.8553 13.4606 
-50.8554 13.4426 
-50.8556 13.4247 
-50.8557 13.4066 
-50.8558 13.3885 
-50.856 13.3703 
-50.8561 13.3521 
-50.8562 13.3337 
-50.8563 13.3154 
-50.8565 13.2969 
-50.8566 13.2784 
-50.8568 13.2599 
-50.8569 13.2412 
-50.857 13.2225 
-50.8572 13.2038 
-50.8573 13.1849 
-50.8574 13.166 
-50.8576 13.1471 
-50.8577 13.128 
-50.8578 13.1089 
-50.858 13.0898 
-50.8581 13.0705 
-50.8582 13.0512 
-50.8584 13.0319 
-50.8585 13.0124 
-50.8587 12.9929 
-50.8588 12.9734 
-50.8589 12.9537 
-50.8591 12.934 
-50.8592 12.9142 
-50.8594 12.8944 
-50.8595 12.8745 
-50.8597 12.8545 
-50.8598 12.8344 
-50.8599 12.8143 
-50.8601 12.7941 
-50.8602 12.7738 
-50.8604 12.7535 
-50.8605 12.7331 
-50.8607 12.7126 
-50.8608 12.692 
-50.861 12.6714 
-50.8611 12.6507 
-50.8613 12.6299 
-50.8614 12.6091 
-50.8616 12.5882 
-50.8617 12.5672 
-50.8619 12.5461 
-50.862 12.525 
-50.8622 12.5038 
-50.8623 12.4825 
-50.8625 12.4611 
-50.8626 12.4397 
-50.8628 12.4182 
-50.863 12.3966 
-50.8631 12.3749 
-50.8633 12.3532 
-50.8634 12.3314 
-50.8636 12.3095 
-50.8637 12.2875 
-50.8639 12.2655 
-50.8641 12.2434 
-50.8642 12.2212 
-50.8644 12.1989 
-50.8645 12.1765 
-50.8647 12.1541 
-50.8649 12.1316 
-50.865 12.109 
-50.8652 12.0863 
-50.8654 12.0636 
-50.8655 12.0407 
-50.8657 12.0178 
-50.8659 11.9948 
-50.866 11.9718 
-50.8662 11.9486 
-50.8664 11.9254 
-50.8665 11.9021 
-50.8667 11.8787 
-50.8669 11.8552 
-50.867 11.8317 
-50.8672 11.808 
-50.8674 11.7843 
-50.8676 11.7605 
-50.8677 11.7366 
-50.8679 11.7126 
-50.8681 11.6886 
-50.8683 11.6644 
-50.8684 11.6402 
-50.8686 11.6159 
-50.8688 11.5915 
-50.869 11.567 
-50.8691 11.5425 
-50.8693 11.5178 
-50.8695 11.4931 
-50.8697 11.4683 
-50.8699 11.4433 
-50.87 11.4183 
-50.8702 11.3933 
-50.8704 11.3681 
-50.8706 11.3428 
-50.8708 11.3175 
-50.871 11.292 
-50.8712 11.2665 
-50.8713 11.2409 
-50.8715 11.2152 
-50.8717 11.1894 
-50.8719 11.1635 
-50.8721 11.1375 
-50.8723 11.1115 
-50.8725 11.0853 
-50.8727 11.0591 
-50.8729 11.0327 
-50.873 11.0063 
-50.8732 10.9798 
-50.8734 10.9532 
-50.8736 10.9265 
-50.8738 10.8997 
-50.874 10.8728 
-50.8742 10.8458 
-50.8744 10.8187 
-50.8746 10.7915 
-50.8748 10.7642 
-50.875 10.7369 
-50.8752 10.7094 
-50.8754 10.6819 
-50.8756 10.6542 
-50.8758 10.6265 
-50.876 10.5986 
-50.8762 10.5707 
-50.8764 10.5426 
-50.8766 10.5145 
-50.8769 10.4862 
-50.8771 10.4579 
-50.8773 10.4295 
-50.8775 10.4009 
-50.8777 10.3723 
-50.8779 10.3436 
-50.8781 10.3147 
-50.8783 10.2858 
-50.8785 10.2568 
-50.8787 10.2276 
-50.879 10.1984 
-50.8792 10.1691 
-50.8794 10.1396 
-50.8796 10.1101 
-50.8798 10.0805 
-50.8801 10.0507 
-50.8803 10.0209 
-50.8805 9.9909 
-50.8807 9.96084 
-50.8809 9.93067 
-50.8812 9.9004 
-50.8814 9.87003 
-50.8816 9.83955 
-50.8818 9.80896 
-50.8821 9.77827 
-50.8823 9.74747 
-50.8825 9.71657 
-50.8827 9.68556 
-50.883 9.65444 
-50.8832 9.62321 
-50.8834 9.59187 
-50.8837 9.56042 
-50.8839 9.52887 
-50.8841 9.4972 
-50.8844 9.46543 
-50.8846 9.43354 
-50.8848 9.40155 
-50.8851 9.36944 
-50.8853 9.33722 
-50.8856 9.30489 
-50.8858 9.27245 
-50.886 9.2399 
-50.8863 9.20723 
-50.8865 9.17445 
-50.8868 9.14155 
-50.887 9.10854 
-50.8873 9.07542 
-50.8875 9.04218 
-50.8877 9.00883 
-50.888 8.97536 
-50.8882 8.94178 
-50.8885 8.90807 
-50.8887 8.87426 
-50.889 8.84032 
-50.8892 8.80627 
-50.8895 8.7721 
-50.8898 8.73781 
-50.89 8.7034 
-50.8903 8.66887 
-50.8905 8.63422 
-50.8908 8.59946 
-50.891 8.56457 
-50.8913 8.52956 
-50.8916 8.49443 
-50.8918 8.45918 
-50.8921 8.42381 
-50.8924 8.38831 
-50.8926 8.3527 
-50.8929 8.31696 
-50.8932 8.28109 
-50.8934 8.2451 
-50.8937 8.20899 
-50.894 8.17275 
-50.8942 8.13639 
-50.8945 8.0999 
-50.8948 8.06328 
-50.8951 8.02654 
-50.8953 7.98967 
-50.8956 7.95268 
-50.8959 7.91555 
-50.8962 7.8783 
-50.8965 7.84092 
-50.8967 7.80341 
-50.897 7.76577 
-50.8973 7.728 
-50.8976 7.6901 
-50.8979 7.65207 
-50.8982 7.61391 
-50.8984 7.57561 
-50.8987 7.53719 
-50.899 7.49863 
-50.8993 7.45994 
-50.8996 7.42111 
-50.8999 7.38215 
-50.9002 7.34306 
-50.9005 7.30383 
-50.9008 7.26447 
-50.9011 7.22497 
-50.9014 7.18534 
-50.9017 7.14557 
-50.902 7.10566 
-50.9023 7.06561 
-50.9026 7.02543 
-50.9029 6.9851 
-50.9032 6.94464 
-50.9035 6.90404 
-50.9038 6.8633 
-50.9041 6.82242 
-50.9044 6.7814 
-50.9047 6.74024 
-50.905 6.69893 
-50.9054 6.65749 
-50.9057 6.6159 
-50.906 6.57416 
-50.9063 6.53229 
-50.9066 6.49027 
-50.9069 6.44811 
-50.9073 6.4058 
-50.9076 6.36334 
-50.9079 6.32074 
-50.9082 6.278 
-50.9086 6.2351 
-50.9089 6.19206 
-50.9092 6.14887 
-50.9095 6.10554 
-50.9099 6.06205 
-50.9102 6.01841 
-50.9105 5.97463 
-50.9109 5.93069 
-50.9112 5.88661 
-50.9115 5.84237 
-50.9119 5.79798 
-50.9122 5.75344 
-50.9126 5.70875 
-50.9129 5.6639 
-50.9132 5.6189 
-50.9136 5.57374 
-50.9139 5.52843 
-50.9143 5.48297 
-50.9146 5.43735 
-50.915 5.39157 
-50.9153 5.34564 
-50.9157 5.29954 
-50.916 5.25329 
-50.9164 5.20689 
-50.9168 5.16032 
-50.9171 5.11359 
-50.9175 5.06671 
-50.9178 5.01966 
-50.9182 4.97245 
-50.9186 4.92509 
-50.9189 4.87755 
-50.9193 4.82986 
-50.9197 4.78201 
-50.92 4.73399 
-50.9204 4.6858 
-50.9208 4.63745 
-50.9211 4.58894 
-50.9215 4.54026 
-50.9219 4.49141 
-50.9223 4.4424 
-50.9227 4.39322 
-50.923 4.34387 
-50.9234 4.29436 
-50.9238 4.24467 
-50.9242 4.19482 
-50.9246 4.14479 
-50.925 4.0946 
-50.9254 4.04423 
-50.9257 3.99369 
-50.9261 3.94298 
-50.9265 3.8921 
-50.9269 3.84104 
-50.9273 3.78981 
-50.9277 3.7384 
-50.9281 3.68682 
-50.9285 3.63507 
-50.9289 3.58314 
-50.9293 3.53103 
-50.9297 3.47874 
-50.9301 3.42628 
-50.9305 3.37363 
-50.931 3.32081 
-50.9314 3.26781 
-50.9318 3.21463 
-50.9322 3.16127 
-50.9326 3.10772 
-50.933 3.054 
-50.9335 3.00009 
-50.9339 2.946 
-50.9343 2.89172 
-50.9347 2.83726 
-50.9352 2.78262 
-50.9356 2.72779 
-50.936 2.67277 
-50.9365 2.61757 
-50.9369 2.56218 
-50.9373 2.5066 
-50.9378 2.45084 
-50.9382 2.39488 
-50.9386 2.33874 
-50.9391 2.2824 
-50.9395 2.22588 
-50.94 2.16916 
-50.9404 2.11225 
-50.9409 2.05515 
-50.9413 1.99785 
-50.9418 1.94037 
-50.9422 1.88268 
-50.9427 1.8248 
-50.9431 1.76673 
-50.9436 1.70846 
-50.9441 1.64999 
-50.9445 1.59132 
-50.945 1.53246 
-50.9455 1.4734 
-50.9459 1.41413 
-50.9464 1.35467 
-50.9469 1.29501 
-50.9473 1.23514 
-50.9478 1.17508 
-50.9483 1.11481 
-50.9488 1.05434 
-50.9493 0.99366 
-50.9497 0.932779 
-50.9502 0.871692 
-50.9507 0.8104 
-50.9512 0.748901 
-50.9517 0.687195 
-50.9522 0.625281 
-50.9527 0.563159 
-50.9532 0.500828 
-50.9537 0.438286 
-50.9542 0.375535 
-50.9547 0.312572 
-50.9552 0.249398 
-50.9557 0.186011 
-50.9562 0.122411 
-50.9567 0.058597 
-50.9572 -0.00543113 
-50.9577 -0.0696744 
-50.9583 -0.134133 
-50.9588 -0.198809 
-50.9593 -0.263701 
-50.9598 -0.328811 
-50.9603 -0.39414 
-50.9609 -0.459688 
-50.9614 -0.525456 
-50.9619 -0.591444 
-50.9625 -0.657653 
-50.963 -0.724084 
-50.9635 -0.790738 
-50.9641 -0.857615 
-50.9646 -0.924716 
-50.9652 -0.992041 
-50.9657 -1.05959 
-50.9663 -1.12737 
-50.9668 -1.19537 
-50.9674 -1.2636 
-50.9679 -1.33206 
-50.9685 -1.40075 
-50.969 -1.46967 
-50.9696 -1.53881 
-50.9702 -1.60819 
-50.9707 -1.6778 
-50.9713 -1.74764 
-50.9719 -1.81772 
-50.9724 -1.88803 
-50.973 -1.95857 
-50.9736 -2.02935 
-50.9742 -2.10036 
-50.9747 -2.17162 
-50.9753 -2.2431 
-50.9759 -2.31483 
-50.9765 -2.3868 
-50.9771 -2.459 
-50.9777 -2.53145 
-50.9783 -2.60413 
-50.9789 -2.67706 
-50.9795 -2.75023 
-50.9801 -2.82364 
-50.9807 -2.8973 
-50.9813 -2.9712 
-50.9819 -3.04535 
-50.9825 -3.11974 
-50.9831 -3.19438 
-50.9837 -3.26927 
-50.9844 -3.3444 
-50.985 -3.41979 
-50.9856 -3.49542 
-50.9862 -3.57131 
-50.9869 -3.64745 
-50.9875 -3.72384 
-50.9881 -3.80048 
-50.9888 -3.87737 
-50.9894 -3.95452 
-50.9901 -4.03193 
-50.9907 -4.10959 
-50.9914 -4.18751 
-50.992 -4.26568 
-50.9927 -4.34411 
-50.9933 -4.4228 
-50.994 -4.50176 
-50.9946 -4.58097 
-50.9953 -4.66044 
-50.996 -4.74018 
-50.9966 -4.82018 
-50.9973 -4.90044 
-50.998 -4.98096 
-50.9987 -5.06175 
-50.9993 -5.14281 
-51 -5.22414 
-51.0007 -5.30573 
-51.0014 -5.38759 
-51.0021 -5.46972 
-51.0028 -5.55211 
-51.0035 -5.63478 
-51.0042 -5.71772 
-51.0049 -5.80094 
-51.0056 -5.88442 
-51.0063 -5.96818 
-51.007 -6.05222 
-51.0077 -6.13653 
-51.0084 -6.22111 
-51.0091 -6.30598 
-51.0099 -6.39112 
-51.0106 -6.47654 
-51.0113 -6.56224 
-51.0121 -6.64821 
-51.0128 -6.73448 
-51.0135 -6.82102 
-51.0143 -6.90784 
-51.015 -6.99495 
-51.0158 -7.08234 
-51.0165 -7.17002 
-51.0173 -7.25799 
-51.018 -7.34624 
-51.0188 -7.43477 
-51.0195 -7.5236 
-51.0203 -7.61272 
-51.0211 -7.70212 
-51.0218 -7.79182 
-51.0226 -7.88181 
-51.0234 -7.97209 
-51.0242 -8.06266 
-51.0249 -8.15353 
-51.0257 -8.2447 
-51.0265 -8.33616 
-51.0273 -8.42791 
-51.0281 -8.51997 
-51.0289 -8.61232 
-51.0297 -8.70497 
-51.0305 -8.79792 
-51.0313 -8.89118 
-51.0321 -8.98473 
-51.033 -9.07859 
-51.0338 -9.17275 
-51.0346 -9.26722 
-51.0354 -9.36199 
-51.0363 -9.45706 
-51.0371 -9.55245 
-51.0379 -9.64814 
-51.0388 -9.74414 
-51.0396 -9.84045 
-51.0405 -9.93707 
-51.0413 -10.034 
-51.0422 -10.1312 
-51.043 -10.2288 
-51.0439 -10.3267 
-51.0448 -10.4248 
-51.0456 -10.5233 
-51.0465 -10.6222 
-51.0474 -10.7213 
-51.0483 -10.8207 
-51.0491 -10.9205 
-51.05 -11.0206 
-51.0509 -11.121 
-51.0518 -11.2217 
-51.0527 -11.3228 
-51.0536 -11.4242 
-51.0545 -11.5259 
-51.0554 -11.6279 
-51.0563 -11.7303 
-51.0573 -11.8329 
-51.0582 -11.9359 
-51.0591 -12.0393 
-51.06 -12.1429 
-51.061 -12.2469 
-51.0619 -12.3513 
-51.0628 -12.4559 
-51.0638 -12.5609 
-51.0647 -12.6662 
-51.0657 -12.7719 
-51.0666 -12.8779 
-51.0676 -12.9842 
-51.0686 -13.0909 
-51.0695 -13.1979 
-51.0705 -13.3053 
-51.0715 -13.4129 
-51.0725 -13.521 
-51.0734 -13.6293 
-51.0744 -13.7381 
-51.0754 -13.8471 
-51.0764 -13.9565 
-51.0774 -14.0663 
-51.0784 -14.1764 
-51.0794 -14.2868 
-51.0805 -14.3976 
-51.0815 -14.5087 
-51.0825 -14.6202 
-51.0835 -14.732 
-51.0846 -14.8442 
-51.0856 -14.9568 
-51.0866 -15.0697 
-51.0877 -15.1829 
-51.0887 -15.2965 
-51.0898 -15.4105 
-51.0908 -15.5248 
-51.0919 -15.6395 
-51.093 -15.7545 
-51.094 -15.8699 
-51.0951 -15.9857 
-51.0962 -16.1018 
-51.0973 -16.2183 
-51.0984 -16.3351 
-51.0995 -16.4523 
-51.1006 -16.5699 
-51.1017 -16.6878 
-51.1028 -16.8061 
-51.1039 -16.9248 
-51.105 -17.0438 
-51.1062 -17.1632 
-51.1073 -17.283 
-51.1084 -17.4032 
-51.1096 -17.5237 
-51.1107 -17.6446 
-51.1118 -17.7659 
-51.113 -17.8875 
-51.1142 -18.0096 
-51.1153 -18.132 
-51.1165 -18.2547 
-51.1177 -18.3779 
-51.1188 -18.5014 
-51.12 -18.6253 
-51.1212 -18.7496 
-51.1224 -18.8743 
-51.1236 -18.9994 
-51.1248 -19.1248 
-51.126 -19.2507 
-51.1272 -19.3769 
-51.1285 -19.5035 
-51.1297 -19.6305 
-51.1309 -19.7579 
-51.1322 -19.8856 
-51.1334 -20.0138 
-51.1346 -20.1424 
-51.1359 -20.2713 
-51.1372 -20.4006 
-51.1384 -20.5304 
-51.1397 -20.6605 
-51.141 -20.791 
-51.1423 -20.9219 
-51.1435 -21.0533 
-51.1448 -21.185 
-51.1461 -21.3171 
-51.1474 -21.4496 
-51.1487 -21.5825 
-51.1501 -21.7158 
-51.1514 -21.8495 
-51.1527 -21.9837 
-51.154 -22.1182 
-51.1554 -22.2531 
-51.1567 -22.3885 
-51.1581 -22.5242 
-51.1594 -22.6604 
-51.1608 -22.7969 
-51.1622 -22.9339 
-51.1635 -23.0713 
-51.1649 -23.2091 
-51.1663 -23.3473 
-51.1677 -23.4859 
-51.1691 -23.6249 
-51.1705 -23.7644 
-51.1719 -23.9043 
-51.1733 -24.0445 
-51.1748 -24.1852 
-51.1762 -24.3264 
-51.1776 -24.4679 
-51.1791 -24.6098 
-51.1805 -24.7522 
-51.182 -24.895 
-51.1834 -25.0382 
-51.1849 -25.1819 
-51.1864 -25.326 
-51.1879 -25.4705 
-51.1894 -25.6154 
-51.1909 -25.7607 
-51.1924 -25.9065 
-51.1939 -26.0527 
-51.1954 -26.1993 
-51.1969 -26.3464 
-51.1985 -26.4939 
-51.2 -26.6418 
-51.2015 -26.7902 
-51.2031 -26.939 
-51.2047 -27.0882 
-51.2062 -27.2378 
-51.2078 -27.3879 
-51.2094 -27.5385 
-51.211 -27.6894 
-51.2126 -27.8408 
-51.2142 -27.9927 
-51.2158 -28.145 
-51.2174 -28.2977 
-51.219 -28.4508 
-51.2207 -28.6045 
-51.2223 -28.7585 
-51.2239 -28.913 
-51.2256 -29.0679 
-51.2273 -29.2233 
-51.2289 -29.3791 
-51.2306 -29.5354 
-51.2323 -29.6921 
-51.234 -29.8493 
-51.2357 -30.0069 
-51.2374 -30.165 
-51.2391 -30.3235 
-51.2409 -30.4825 
-51.2426 -30.6419 
-51.2443 -30.8018 
-51.2461 -30.9621 
-51.2478 -31.1229 
-51.2496 -31.2841 
-51.2514 -31.4458 
-51.2532 -31.6079 
-51.255 -31.7705 
-51.2568 -31.9336 
-51.2586 -32.0971 
-51.2604 -32.2611 
-51.2622 -32.4255 
-51.2641 -32.5904 
-51.2659 -32.7557 
-51.2677 -32.9215 
-51.2696 -33.0878 
-51.2715 -33.2545 
-51.2734 -33.4217 
-51.2752 -33.5894 
-51.2771 -33.7575 
-51.2791 -33.9261 
-51.281 -34.0952 
-51.2829 -34.2647 
-51.2848 -34.4347 
-51.2868 -34.6051 
-51.2887 -34.7761 
-51.2907 -34.9474 
-51.2926 -35.1193 
-51.2946 -35.2916 
-51.2966 -35.4644 
-51.2986 -35.6377 
-51.3006 -35.8114 
-51.3026 -35.9856 
-51.3047 -36.1603 
-51.3067 -36.3355 
-51.3088 -36.5111 
-51.3108 -36.6872 
-51.3129 -36.8638 
-51.315 -37.0408 
-51.317 -37.2183 
-51.3191 -37.3963 
-51.3213 -37.5748 
-51.3234 -37.7537 
-51.3255 -37.9332 
-51.3276 -38.1131 
-51.3298 -38.2935 
-51.3319 -38.4743 
-51.3341 -38.6556 
-51.3363 -38.8375 
-51.3385 -39.0197 
-51.3407 -39.2025 
-51.3429 -39.3858 
-51.3451 -39.5695 
-51.3474 -39.7537 
-51.3496 -39.9384 
-51.3519 -40.1236 
-51.3541 -40.3092 
-51.3564 -40.4954 
-51.3587 -40.682 
-51.361 -40.8691 
-51.3633 -41.0567 
-51.3656 -41.2447 
-51.368 -41.4333 
-51.3703 -41.6223 
-51.3727 -41.8118 
-51.3751 -42.0018 
-51.3774 -42.1923 
-51.3798 -42.3832 
-51.3822 -42.5747 
-51.3847 -42.7666 
-51.3871 -42.959 
-51.3895 -43.1519 
-51.392 -43.3453 
-51.3945 -43.5392 
-51.3969 -43.7335 
-51.3994 -43.9284 
-51.4019 -44.1237 
-51.4045 -44.3195 
-51.407 -44.5158 
-51.4095 -44.7125 
-51.4121 -44.9098 
-51.4147 -45.1075 
-51.4172 -45.3058 
-51.4198 -45.5045 
-51.4225 -45.7037 
-51.4251 -45.9034 
-51.4277 -46.1035 
-51.4304 -46.3042 
-51.433 -46.5053 
-51.4357 -46.7069 
-51.4384 -46.909 
-51.4411 -47.1116 
-51.4438 -47.3147 
-51.4465 -47.5183 
-51.4493 -47.7223 
-51.4521 -47.9268 
-51.4548 -48.1318 
-51.4576 -48.3373 
-51.4604 -48.5433 
-51.4632 -48.7497 
-51.4661 -48.9567 
-51.4689 -49.1641 
-51.4718 -49.372 
-51.4747 -49.5803 
-51.4776 -49.7892 
-51.4805 -49.9985 
-51.4834 -50.2083 
-51.4863 -50.4186 
-51.4893 -50.6294 
-51.4922 -50.8406 
-51.4952 -51.0524 
-51.4982 -51.2646 
-51.5012 -51.4772 
-51.5043 -51.6904 
-51.5073 -51.904 
-51.5104 -52.1181 
-51.5135 -52.3327 
-51.5166 -52.5477 
-51.5197 -52.7632 
-51.5228 -52.9792 
-51.526 -53.1957 
-51.5291 -53.4126 
-51.5323 -53.63 
-51.5355 -53.8479 
-51.5387 -54.0662 
-51.5419 -54.285 
-51.5452 -54.5043 
-51.5484 -54.724 
-51.5517 -54.9442 
-51.555 -55.1649 
-51.5583 -55.386 
-51.5617 -55.6076 
-51.565 -55.8297 
-51.5684 -56.0522 
-51.5718 -56.2751 
-51.5752 -56.4985 
-51.5786 -56.7224 
-51.5821 -56.9467 
-51.5856 -57.1715 
-51.589 -57.3968 
-51.5925 -57.6224 
-51.5961 -57.8486 
-51.5996 -58.0751 
-51.6032 -58.3022 
-51.6067 -58.5296 
-51.6103 -58.7576 
-51.614 -58.9859 
-51.6176 -59.2147 
-51.6213 -59.444 
-51.6249 -59.6736 
-51.6286 -59.9038 
-51.6324 -60.1343 
-51.6361 -60.3653 
-51.6399 -60.5967 
-51.6437 -60.8286 
-51.6475 -61.0608 
-51.6513 -61.2935 
-51.6551 -61.5266 
-51.659 -61.7602 
-51.6629 -61.9942 
-51.6668 -62.2285 
-51.6707 -62.4634 
-51.6747 -62.6986 
-51.6787 -62.9342 
-51.6827 -63.1702 
-51.6867 -63.4067 
-51.6907 -63.6436 
-51.6948 -63.8808 
-51.6989 -64.1185 
-51.703 -64.3566 
-51.7071 -64.595 
-51.7113 -64.8339 
-51.7155 -65.0731 
-51.7197 -65.3128 
-51.7239 -65.5528 
-51.7282 -65.7932 
-51.7325 -66.034 
-51.7368 -66.2752 
-51.7411 -66.5168 
-51.7454 -66.7587 
-51.7498 -67.001 
-51.7542 -67.2437 
-51.7586 -67.4867 
-51.7631 -67.7302 
-51.7676 -67.9739 
-51.7721 -68.2181 
-51.7766 -68.4626 
-51.7812 -68.7074 
-51.7858 -68.9526 
-51.7904 -69.1981 
-51.795 -69.444 
-51.7997 -69.6902 
-51.8044 -69.9368 
-51.8091 -70.1837 
-51.8138 -70.4309 
-51.8186 -70.6784 
-51.8234 -70.9263 
-51.8282 -71.1745 
-51.8331 -71.423 
-51.838 -71.6718 
-51.8429 -71.921 
-51.8478 -72.1704 
-51.8528 -72.4201 
-51.8578 -72.6702 
-51.8628 -72.9205 
-51.8679 -73.1711 
-51.873 -73.422 
-51.8781 -73.6732 
-51.8833 -73.9247 
-51.8885 -74.1764 
-51.8937 -74.4284 
-51.8989 -74.6807 
-51.9042 -74.9332 
-51.9095 -75.186 
-51.9148 -75.4391 
-51.9202 -75.6924 
-51.9256 -75.9459 
-51.931 -76.1997 
-51.9365 -76.4537 
-51.942 -76.7079 
-51.9475 -76.9623 
-51.9531 -77.217 
-51.9587 -77.4719 
-51.9643 -77.727 
-51.97 -77.9823 
-51.9757 -78.2378 
-51.9814 -78.4935 
-51.9872 -78.7494 
-51.993 -79.0054 
-51.9988 -79.2617 
-52.0047 -79.5181 
-52.0106 -79.7747 
-52.0166 -80.0314 
-52.0225 -80.2883 
-52.0285 -80.5453 
-52.0346 -80.8025 
-52.0407 -81.0598 
-52.0468 -81.3173 
-52.053 -81.5749 
-52.0592 -81.8326 
-52.0654 -82.0904 
-52.0717 -82.3483 
-52.078 -82.6063 
-52.0844 -82.8644 
-52.0908 -83.1226 
-52.0972 -83.3809 
-52.1037 -83.6392 
-52.1102 -83.8976 
-52.1167 -84.1561 
-52.1233 -84.4146 
-52.13 -84.6732 
-52.1366 -84.9318 
-52.1433 -85.1904 
-52.1501 -85.4491 
-52.1569 -85.7078 
-52.1637 -85.9665 
-52.1706 -86.2252 
-52.1775 -86.4838 
-52.1845 -86.7425 
-52.1915 -87.0012 
-52.1986 -87.2598 
-52.2057 -87.5183 
-52.2128 -87.7769 
-52.22 -88.0354 
-52.2272 -88.2938 
-52.2345 -88.5521 
-52.2418 -88.8104 
-52.2491 -89.0686 
-52.2566 -89.3267 
-52.264 -89.5846 
-52.2715 -89.8425 
-52.279 -90.1003 
-52.2866 -90.3579 
-52.2943 -90.6153 
-52.302 -90.8726 
-52.3097 -91.1298 
-52.3175 -91.3868 
-52.3253 -91.6436 
-52.3332 -91.9002 
-52.3411 -92.1567 
-52.3491 -92.4129 
-52.3571 -92.6689 
-52.3652 -92.9246 
-52.3733 -93.1802 
-52.3815 -93.4355 
-52.3897 -93.6905 
-52.398 -93.9453 
-52.4063 -94.1997 
-52.4147 -94.4539 
-52.4231 -94.7078 
-52.4316 -94.9614 
-52.4402 -95.2146 
-52.4488 -95.4675 
-52.4574 -95.7201 
-52.4661 -95.9723 
-52.4748 -96.2242 
-52.4836 -96.4757 
-52.4925 -96.7267 
-52.5014 -96.9774 
-52.5104 -97.2277 
-52.5194 -97.4775 
-52.5285 -97.7269 
-52.5376 -97.9758 
-52.5468 -98.2243 
-52.5561 -98.4723 
-52.5654 -98.7198 
-52.5747 -98.9668 
-52.5841 -99.2133 
-52.5936 -99.4593 
-52.6032 -99.7047 
-52.6127 -99.9496 
-52.6224 -100.194 
-52.6321 -100.438 
-52.6419 -100.681 
-52.6517 -100.923 
-52.6616 -101.165 
-52.6715 -101.407 
-52.6816 -101.647 
-52.6916 -101.887 
-52.7018 -102.126 
-52.712 -102.365 
-52.7222 -102.603 
-52.7325 -102.84 
-52.7429 -103.076 
-52.7533 -103.312 
-52.7638 -103.547 
-52.7744 -103.781 
-52.785 -104.015 
-52.7957 -104.247 
-52.8065 -104.479 
-52.8173 -104.71 
-52.8282 -104.94 
-52.8392 -105.169 
-52.8502 -105.397 
-52.8613 -105.624 
-52.8724 -105.851 
-52.8836 -106.076 
-52.8949 -106.301 
-52.9062 -106.524 
-52.9176 -106.747 
-52.9291 -106.968 
-52.9407 -107.189 
-52.9523 -107.408 
-52.964 -107.627 
-52.9757 -107.844 
-52.9875 -108.06 
-52.9994 -108.276 
-53.0114 -108.49 
-53.0234 -108.702 
-53.0355 -108.914 
-53.0476 -109.125 
-53.0598 -109.334 
-53.0721 -109.542 
-53.0845 -109.749 
-53.0969 -109.955 
-53.1094 -110.159 
-53.122 -110.362 
-53.1347 -110.564 
-53.1474 -110.764 
-53.1602 -110.963 
-53.173 -111.161 
-53.1859 -111.358 
-53.1989 -111.552 
-53.212 -111.746 
-53.2251 -111.938 
-53.2383 -112.129 
-53.2516 -112.318 
-53.265 -112.505 
-53.2784 -112.691 
-53.2919 -112.876 
-53.3055 -113.059 
-53.3191 -113.24 
-53.3328 -113.42 
-53.3466 -113.598 
-53.3604 -113.774 
-53.3744 -113.949 
-53.3884 -114.122 
-53.4024 -114.294 
-53.4166 -114.463 
-53.4308 -114.631 
-53.4451 -114.797 
-53.4594 -114.962 
-53.4738 -115.124 
-53.4883 -115.285 
-53.5029 -115.444 
-53.5176 -115.601 
-53.5323 -115.756 
-53.5471 -115.909 
-53.5619 -116.06 
-53.5768 -116.209 
-53.5918 -116.356 
-53.6069 -116.501 
-53.622 -116.644 
-53.6373 -116.785 
-53.6525 -116.924 
-53.6679 -117.061 
-53.6833 -117.196 
-53.6988 -117.328 
-53.7144 -117.458 
-53.73 -117.587 
-53.7457 -117.712 
-53.7615 -117.836 
-53.7773 -117.957 
-53.7932 -118.077 
-53.8092 -118.193 
-53.8253 -118.308 
-53.8414 -118.42 
-53.8575 -118.529 
-53.8738 -118.637 
-53.8901 -118.741 
-53.9065 -118.844 
-53.9229 -118.943 
-53.9395 -119.041 
-53.956 -119.136 
-53.9727 -119.228 
-53.9894 -119.317 
-54.0062 -119.404 
-54.023 -119.489 
-54.0399 -119.57 
-54.0569 -119.649 
-54.0739 -119.726 
-54.091 -119.799 
-54.1082 -119.87 
-54.1254 -119.938 
-54.1426 -120.004 
-54.16 -120.066 
-54.1774 -120.125 
-54.1948 -120.182 
-54.2123 -120.236 
-54.2299 -120.287 
-54.2475 -120.335 
-54.2652 -120.38 
-54.283 -120.422 
-54.3007 -120.46 
-54.3186 -120.496 
-54.3365 -120.529 
-54.3545 -120.559 
-54.3725 -120.585 
-54.3905 -120.609 
-54.4086 -120.629 
-54.4268 -120.646 
-54.445 -120.66 
-54.4633 -120.67 
-54.4816 -120.677 
-54.4999 -120.681 
-54.5183 -120.682 
-54.5368 -120.679 
-54.5553 -120.673 
-54.5738 -120.664 
-54.5924 -120.651 
-54.611 -120.635 
-54.6297 -120.615 
-54.6484 -120.591 
-54.6671 -120.565 
-54.6859 -120.534 
-54.7047 -120.5 
-54.7236 -120.463 
-54.7424 -120.422 
-54.7614 -120.377 
-54.7803 -120.329 
-54.7993 -120.277 
-54.8183 -120.221 
-54.8374 -120.161 
-54.8564 -120.098 
-54.8756 -120.031 
-54.8947 -119.96 
-54.9138 -119.885 
-54.933 -119.807 
-54.9522 -119.724 
-54.9714 -119.638 
-54.9907 -119.548 
-55.01 -119.454 
-55.0292 -119.356 
-55.0485 -119.253 
-55.0679 -119.147 
-55.0872 -119.037 
-55.1065 -118.923 
-55.1259 -118.805 
-55.1453 -118.683 
-55.1646 -118.556 
-55.184 -118.425 
-55.2034 -118.291 
-55.2228 -118.152 
-55.2422 -118.009 
-55.2616 -117.861 
-55.281 -117.71 
-55.3004 -117.554 
-55.3198 -117.394 
-55.3392 -117.229 
-55.3586 -117.061 
-55.3779 -116.887 
-55.3973 -116.71 
-55.4167 -116.528 
-55.436 -116.342 
-55.4554 -116.151 
-55.4747 -115.956 
-55.494 -115.757 
-55.5133 -115.553 
-55.5326 -115.344 
-55.5518 -115.131 
-55.571 -114.913 
-55.5902 -114.691 
-55.6094 -114.465 
-55.6286 -114.233 
-55.6477 -113.998 
-55.6668 -113.757 
-55.6858 -113.512 
-55.7048 -113.262 
-55.7238 -113.008 
-55.7428 -112.749 
-55.7617 -112.485 
-55.7805 -112.216 
-55.7994 -111.943 
-55.8181 -111.665 
-55.8369 -111.382 
-55.8555 -111.095 
-55.8742 -110.803 
-55.8928 -110.505 
-55.9113 -110.204 
-55.9297 -109.897 
-55.9481 -109.585 
-55.9665 -109.269 
-55.9848 -108.948 
-56.003 -108.621 
-56.0211 -108.29 
-56.0392 -107.954 
-56.0572 -107.613 
-56.0752 -107.268 
-56.093 -106.917 
-56.1108 -106.561 
-56.1285 -106.201 
-56.1462 -105.835 
-56.1637 -105.465 
-56.1812 -105.089 
-56.1986 -104.709 
-56.2159 -104.323 
-56.2331 -103.933 
-56.2502 -103.537 
-56.2672 -103.137 
-56.2841 -102.731 
-56.3009 -102.32 
-56.3176 -101.905 
-56.3342 -101.484 
-56.3507 -101.058 
-56.3671 -100.628 
-56.3834 -100.192 
-56.3996 -99.7508 
-56.4156 -99.3048 
-56.4316 -98.8538 
-56.4474 -98.3977 
-56.4631 -97.9365 
-56.4787 -97.4702 
-56.4941 -96.9988 
-56.5094 -96.5224 
-56.5246 -96.0409 
-56.5397 -95.5543 
-56.5546 -95.0626 
-56.5694 -94.5658 
-56.584 -94.0639 
-56.5985 -93.557 
-56.6129 -93.045 
-56.6271 -92.5279 
-56.6412 -92.0057 
-56.6551 -91.4784 
-56.6689 -90.9461 
-56.6825 -90.4087 
-56.6959 -89.8662 
-56.7092 -89.3187 
-56.7223 -88.7661 
-56.7353 -88.2084 
-56.7481 -87.6458 
-56.7607 -87.078 
-56.7731 -86.5053 
-56.7854 -85.9275 
-56.7975 -85.3447 
-56.8094 -84.7569 
-56.8212 -84.1641 
-56.8327 -83.5663 
-56.8441 -82.9635 
-56.8552 -82.3558 
-56.8662 -81.7431 
-56.877 -81.1254 
-56.8876 -80.5028 
-56.898 -79.8753 
-56.9082 -79.2428 
-56.9181 -78.6055 
-56.9279 -77.9633 
-56.9375 -77.3162 
-56.9468 -76.6642 
-56.956 -76.0074 
-56.9649 -75.3458 
-56.9736 -74.6793 
-56.9821 -74.0081 
-56.9904 -73.3321 
-56.9984 -72.6513 
-57.0062 -71.9658 
-57.0138 -71.2756 
-57.0211 -70.5806 
-57.0282 -69.881 
-57.0351 -69.1767 
-57.0417 -68.4678 
-57.0481 -67.7542 
-57.0542 -67.0361 
-57.0601 -66.3133 
-57.0657 -65.5861 
-57.0711 -64.8542 
-57.0762 -64.1179 
-57.0811 -63.3771 
-57.0857 -62.6319 
-57.09 -61.8822 
-57.0941 -61.1282 
-57.0979 -60.3697 
-57.1015 -59.6069 
-57.1047 -58.8398 
-57.1077 -58.0684 
-57.1104 -57.2927 
-57.1128 -56.5129 
-57.115 -55.7288 
-57.1168 -54.9405 
-57.1184 -54.1481 
-57.1197 -53.3517 
-57.1206 -52.5511 
-57.1213 -51.7465 
-57.1217 -50.9379 
-57.1218 -50.1253 
-57.1216 -49.3089 
-57.1211 -48.4885 
-57.1203 -47.6642 
-57.1191 -46.8362 
-57.1177 -46.0043 
-57.1159 -45.1688 
-57.1138 -44.3295 
-57.1114 -43.4865 
-57.1087 -42.6399 
-57.1056 -41.7898 
-57.1023 -40.9361 
-57.0986 -40.0789 
-57.0945 -39.2182 
-57.0902 -38.3542 
-57.0855 -37.4867 
-57.0804 -36.616 
-57.075 -35.742 
-57.0693 -34.8647 
-57.0632 -33.9843 
-57.0568 -33.1007 
-57.05 -32.214 
-57.0429 -31.3243 
-57.0354 -30.4317 
-57.0276 -29.536 
-57.0194 -28.6375 
-57.0109 -27.7362 
-57.0019 -26.832 
-56.9927 -25.9251 
-56.983 -25.0156 
-56.973 -24.1034 
-56.9626 -23.1887 
-56.9518 -22.2714 
-56.9407 -21.3517 
-56.9292 -20.4296 
-56.9173 -19.5051 
-56.905 -18.5784 
-56.8923 -17.6494 
-56.8793 -16.7182 
-56.8659 -15.7849 
-56.852 -14.8496 
-56.8378 -13.9123 
-56.8232 -12.9731 
-56.8082 -12.032 
-56.7928 -11.0891 
-56.777 -10.1445 
-56.7608 -9.19818 
-56.7442 -8.25027 
-56.7271 -7.30082 
-56.7097 -6.34989 
-56.6919 -5.39755 
-56.6736 -4.44387 
-56.655 -3.48892 
-56.6359 -2.53276 
-56.6164 -1.57547 
-56.5965 -0.617121 
-56.5762 0.342226 
-56.5554 1.30249 
-56.5343 2.26361 
-56.5127 3.2255 
-56.4907 4.1881 
-56.4682 5.15133 
-56.4454 6.11511 
-56.422 7.07937 
-56.3983 8.04403 
-56.3741 9.00901 
-56.3495 9.97425 
-56.3245 10.9397 
-56.299 11.9052 
-56.2731 12.8707 
-56.2468 13.8361 
-56.22 14.8014 
-56.1927 15.7665 
-56.165 16.7312 
-56.1369 17.6956 
-56.1083 18.6595 
-56.0793 19.6228 
-56.0498 20.5855 
-56.0199 21.5475 
-55.9896 22.5087 
-55.9587 23.4689 
-55.9275 24.4282 
-55.8957 25.3864 
-55.8636 26.3434 
-55.8309 27.2992 
-55.7979 28.2537 
-55.7643 29.2067 
-55.7303 30.1582 
-55.6959 31.1081 
-55.661 32.0564 
-55.6256 33.0028 
-55.5898 33.9473 
-55.5535 34.8899 
-55.5167 35.8304 
-55.4795 36.7688 
-55.4418 37.7049 
-55.4037 38.6386 
-55.3651 39.57 
-55.3261 40.4987 
-55.2866 41.4249 
-55.2466 42.3483 
-55.2062 43.2689 
-55.1653 44.1865 
-55.124 45.1012 
-55.0822 46.0127 
-55.0399 46.921 
-54.9972 47.826 
-54.954 48.7276 
-54.9104 49.6256 
-54.8663 50.52 
-54.8218 51.4108 
-54.7768 52.2977 
-54.7314 53.1807 
-54.6855 54.0596 
-54.6392 54.9345 
-54.5924 55.8051 
-54.5452 56.6714 
-54.4975 57.5333 
-54.4494 58.3907 
-54.4009 59.2434 
-54.3519 60.0914 
-54.3025 60.9346 
-54.2527 61.7729 
-54.2024 62.6061 
-54.1517 63.4342 
-54.1006 64.257 
-54.0491 65.0745 
-53.9972 65.8866 
-53.9449 66.6931 
-53.8922 67.494 
-53.8391 68.2892 
-53.7856 69.0785 
-53.7317 69.8619 
-53.6775 70.6393 
-53.6229 71.4105 
-53.5679 72.1755 
-53.5126 72.9342 
-53.457 73.6864 
-53.401 74.4322 
-53.3447 75.1714 
-53.2881 75.9038 
-53.2313 76.6296 
-53.1741 77.3484 
-53.1167 78.0603 
-53.059 78.7652 
-53.0012 79.463 
-52.9431 80.1536 
-52.8848 80.837 
-52.8263 81.513 
-52.7677 82.1817 
-52.7089 82.8429 
-52.6501 83.4966 
-52.5912 84.1427 
-52.5322 84.7813 
-52.4732 85.4121 
-52.4143 86.0353 
-52.3553 86.6507 
-52.2965 87.2584 
-52.2378 87.8583 
-52.1793 88.4504 
-52.121 89.0347 
-52.0629 89.6112 
-52.0051 90.1799 
-51.9477 90.7409 
-51.8907 91.294 
-51.8341 91.8395 
-51.7781 92.3773 
-51.7226 92.9075 
-51.6678 93.4301 
-51.6136 93.9453 
-51.5602 94.4531 
-51.5076 94.9536 
-51.4558 95.447 
-51.405 95.9333 
-51.3552 96.4127 
-51.3064 96.8853 
-51.2588 97.3514 
-51.2123 97.811 
-51.167 98.2644 
-51.123 98.7117 
-51.0803 99.1531 
-51.039 99.5889 
-50.999 100.019 
-50.9605 100.444 
-50.9234 100.865 
-50.8877 101.28 
-50.8535 101.691 
-50.8208 102.098 
-50.7896 102.501 
-50.7598 102.9 
-50.7315 103.295 
-50.7046 103.687 
-50.6791 104.077 
-50.655 104.463 
-50.6322 104.847 
-50.6107 105.229 
-50.5904 105.608 
-50.5714 105.986 
-50.5535 106.362 
-50.5367 106.737 
-50.521 107.11 
-50.5063 107.483 
-50.4925 107.854 
-50.4797 108.225 
-50.4676 108.595 
-50.4564 108.965 
-50.4459 109.334 
-50.4362 109.704 
-50.427 110.073 
-50.4185 110.442 
-50.4106 110.812 
-50.4031 111.182 
-50.3962 111.553 
-50.3897 111.924 
-50.3837 112.295 
-50.378 112.668 
-50.3727 113.041 
-50.3677 113.414 
-50.363 113.789 
-50.3586 114.165 
-50.3544 114.542 
-50.3505 114.92 
-50.3468 115.298 
-50.3432 115.678 
-50.3399 116.06 
-50.3367 116.442 
-50.3337 116.826 
-50.3308 117.211 
-50.328 117.597 
-50.3254 117.985 
-50.3228 118.374 
-50.3203 118.765 
-50.318 119.157 
-50.3157 119.55 
-50.3134 119.945 
-50.3113 120.341 
-50.3092 120.739 
-50.3071 121.138 
-50.3051 121.539 
-50.3031 121.942 
-50.3012 122.346 
-50.2993 122.752 
-50.2974 123.159 
-50.2956 123.568 
-50.2938 123.978 
-50.292 124.391 
-50.2902 124.805 
-50.2884 125.22 
-50.2867 125.637 
-50.285 126.056 
-50.2833 126.477 
-50.2816 126.899 
-50.2799 127.323 
-50.2782 127.749 
-50.2765 128.177 
-50.2749 128.606 
-50.2732 129.037 
-50.2715 129.47 
-50.2699 129.904 
-50.2682 130.341 
-50.2666 130.779 
-50.2649 131.219 
-50.2633 131.661 
-50.2616 132.105 
-50.26 132.55 
-50.2583 132.997 
-50.2567 133.447 
-50.255 133.898 
-50.2534 134.351 
-50.2517 134.805 
-50.2501 135.262 
-50.2484 135.721 
-50.2467 136.181 
-50.2451 136.644 
-50.2434 137.108 
-50.2418 137.574 
-50.2401 138.043 
-50.2384 138.513 
-50.2368 138.985 
-50.2351 139.459 
-50.2334 139.935 
-50.2317 140.413 
-50.23 140.893 
-50.2284 141.375 
-50.2267 141.859 
-50.225 142.346 
-50.2233 142.834 
-50.2216 143.324 
-50.2199 143.816 
-50.2182 144.311 
-50.2165 144.807 
-50.2147 145.305 
-50.213 145.806 
-50.2113 146.309 
-50.2096 146.813 
-50.2078 147.32 
-50.2061 147.829 
-50.2044 148.34 
-50.2026 148.854 
-50.2009 149.369 
-50.1992 149.887 
-50.1974 150.406 
-50.1956 150.928 
-50.1939 151.453 
-50.1921 151.979 
-50.1904 152.508 
-50.1886 153.038 
-50.1868 153.571 
-50.185 154.107 
-50.1833 154.644 
-50.1815 155.184 
-50.1797 155.726 
-50.1779 156.271 
-50.1761 156.817 
-50.1743 157.366 
-50.1725 157.918 
-50.1707 158.471 
-50.1689 159.027 
-50.1671 159.585 
-50.1653 160.146 
-50.1634 160.709 
-50.1616 161.275 
-50.1598 161.842 
-50.158 162.413 
-50.1561 162.985 
-50.1543 163.56 
-50.1524 164.138 
-50.1506 164.718 
-50.1487 165.3 
-50.1469 165.885 
-50.145 166.472 
-50.1432 167.062 
-50.1413 167.654 
-50.1394 168.249 
-50.1375 168.847 
-50.1357 169.446 
-50.1338 170.049 
-50.1319 170.654 
-50.13 171.262 
-50.1281 171.872 
-50.1262 172.484 
-50.1243 173.1 
-50.1224 173.718 
-50.1205 174.338 
-50.1186 174.962 
-50.1167 175.588 
-50.1148 176.216 
-50.1128 176.847 
-50.1109 177.481 
-50.109 178.118 
-50.107 178.757 
-50.1051 179.399 
-50.1032 180.044 
-50.1012 180.692 
-50.0993 181.342 
-50.0973 181.995 
-50.0953 182.651 
-50.0934 183.31 
-50.0914 183.971 
-50.0894 184.636 
-50.0875 185.303 
-50.0855 185.973 
-50.0835 186.646 
-50.0815 187.322 
-50.0795 188 
-50.0775 188.682 
-50.0755 189.367 
-50.0735 190.054 
-50.0715 190.744 
-50.0695 191.438 
-50.0675 192.134 
-50.0655 192.833 
-50.0635 193.536 
-50.0615 194.241 
-50.0594 194.95 
-50.0574 195.661 
-50.0554 196.375 
-50.0533 197.093 
-50.0513 197.814 
-50.0492 198.537 
-50.0472 199.264 
-50.0451 199.994 
-50.0431 200.727 
-50.041 201.464 
-50.0389 202.203 
-50.0369 202.946 
-50.0348 203.691 
-50.0327 204.44 
-50.0306 205.193 
-50.0285 205.948 
-50.0264 206.707 
-50.0244 207.469 
-50.0223 208.234 
-50.0202 209.003 
-50.018 209.775 
-50.0159 210.55 
-50.0138 211.329 
-50.0117 212.111 
-50.0096 212.896 
-50.0075 213.685 
-50.0053 214.477 
-50.0032 215.273 
-50.0011 216.072 
-49.9989 216.875 
-49.9968 217.681 
-49.9946 218.49 
-49.9925 219.303 
-49.9903 220.12 
-49.9882 220.94 
-49.986 221.763 
-49.9838 222.591 
-49.9817 223.421 
-49.9795 224.256 
-49.9773 225.094 
-49.9751 225.936 
-49.9729 226.781 
-49.9708 227.63 
-49.9686 228.483 
-49.9664 229.339 
-49.9642 230.199 
-49.962 231.063 
-49.9597 231.931 
-49.9575 232.802 
-49.9553 233.677 
-49.9531 234.556 
-49.9509 235.439 
-49.9486 236.326 
-49.9464 237.216 
-49.9442 238.111 
-49.9419 239.009 
-49.9397 239.911 
-49.9374 240.818 
-49.9352 241.728 
-49.9329 242.642 
-49.9307 243.56 
-49.9284 244.482 
-49.9261 245.408 
-49.9239 246.339 
-49.9216 247.273 
-49.9193 248.211 
-49.917 249.154 
-49.9147 250.1 
-49.9125 251.051 
-49.9102 252.006 
-49.9079 252.965 
-49.9056 253.928 
-49.9033 254.896 
-49.9009 255.868 
-49.8986 256.844 
-49.8963 257.824 
-49.894 258.808 
-49.8917 259.797 
-49.8893 260.791 
-49.887 261.788 
-49.8847 262.79 
-49.8823 263.797 
-49.88 264.807 
-49.8776 265.823 
-49.8753 266.842 
-49.8729 267.867 
-49.8706 268.895 
-49.8682 269.929 
-49.8658 270.966 
-49.8635 272.009 
-49.8611 273.056 
-49.8587 274.107 
-49.8563 275.163 
-49.854 276.224 
-49.8516 277.29 
-49.8492 278.36 
-49.8468 279.435 
-49.8444 280.514 
-49.842 281.599 
-49.8396 282.688 
-49.8372 283.782 
-49.8347 284.881 
-49.8323 285.985 
-49.8299 287.093 
-49.8275 288.207 
-49.825 289.325 
-49.8226 290.449 
-49.8202 291.577 
-49.8177 292.71 
-49.8153 293.849 
-49.8128 294.992 
-49.8104 296.14 
-49.8079 297.294 
-49.8055 298.452 
-49.803 299.616 
-49.8005 300.785 
-49.7981 301.959 
-49.7956 303.139 
-49.7931 304.323 
-49.7906 305.513 
-49.7881 306.708 
-49.7856 307.908 
-49.7831 309.114 
-49.7807 310.325 
-49.7782 311.542 
-49.7756 312.763 
-49.7731 313.991 
-49.7706 315.223 
-49.7681 316.462 
-49.7656 317.705 
-49.7631 318.954 
-49.7605 320.209 
-49.758 321.47 
-49.7555 322.736 
-49.7529 324.007 
-49.7504 325.285 
-49.7478 326.568 
-49.7453 327.856 
-49.7427 329.151 
-49.7402 330.451 
-49.7376 331.757 
-49.7351 333.069 
-49.7325 334.386 
-49.7299 335.71 
-49.7274 337.039 
-49.7248 338.375 
-49.7222 339.716 
-49.7196 341.064 
-49.717 342.417 
-49.7144 343.776 
-49.7118 345.142 
-49.7092 346.514 
-49.7066 347.891 
-49.704 349.275 
-49.7014 350.665 
-49.6988 352.062 
-49.6962 353.464 
-49.6936 354.873 
-49.6909 356.288 
-49.6883 357.71 
-49.6857 359.138 
-49.683 360.572 
-49.6804 362.013 
-49.6777 363.46 
-49.6751 364.913 
-49.6724 366.374 
-49.6698 367.84 
-49.6671 369.314 
-49.6645 370.793 
-49.6618 372.28 
-49.6591 373.773 
-49.6565 375.273 
-49.6538 376.78 
-49.6511 378.293 
-49.6484 379.814 
-49.6457 381.341 
-49.6431 382.875 
-49.6404 384.415 
-49.6377 385.963 
-49.635 387.518 
-49.6323 389.08 
-49.6296 390.648 
-49.6268 392.224 
-49.6241 393.807 
-49.6214 395.397 
-49.6187 396.995 
-49.616 398.599 
-49.6132 400.211 
-49.6105 401.83 
-49.6078 403.456 
-49.605 405.089 
-49.6023 406.73 
-49.5995 408.379 
-49.5968 410.034 
-49.594 411.698 
-49.5913 413.368 
-49.5885 415.047 
-49.5858 416.733 
-49.583 418.426 
-49.5802 420.127 
-49.5775 421.836 
-49.5747 423.553 
-49.5719 425.277 
-49.5691 427.009 
-49.5663 428.749 
-49.5635 430.497 
-49.5607 432.253 
-49.5579 434.017 
-49.5551 435.788 
-49.5523 437.568 
-49.5495 439.356 
-49.5467 441.152 
-49.5439 442.956 
-49.5411 444.768 
-49.5383 446.588 
-49.5355 448.417 
-49.5326 450.254 
-49.5298 452.099 
-49.527 453.953 
-49.5241 455.815 
-49.5213 457.686 
-49.5184 459.565 
-49.5156 461.452 
-49.5127 463.349 
-49.5099 465.253 
-49.507 467.167 
-49.5042 469.089 
-49.5013 471.02 
-49.4984 472.959 
-49.4956 474.908 
-49.4927 476.865 
-49.4898 478.831 
-49.4869 480.807 
-49.4841 482.791 
-49.4812 484.784 
-49.4783 486.786 
-49.4754 488.798 
-49.4725 490.818 
-49.4696 492.848 
-49.4667 494.887 
-49.4638 496.935 
-49.4609 498.993 
-49.458 501.06 
-49.455 503.136 
-49.4521 505.222 
-49.4492 507.318 
-49.4463 509.423 
-49.4433 511.537 
-49.4404 513.662 
-49.4375 515.796 
-49.4345 517.939 
-49.4316 520.093 
-49.4287 522.256 
-49.4257 524.429 
-49.4228 526.612 
-49.4198 528.806 
-49.4168 531.009 
-49.4139 533.222 
-49.4109 535.445 
-49.408 537.679 
-49.405 539.923 
-49.402 542.177 
-49.399 544.441 
-49.3961 546.716 
-49.3931 549.001 
-49.3901 551.296 
-49.3871 553.602 
-49.3841 555.919 
-49.3811 558.246 
-49.3781 560.584 
-49.3751 562.933 
-49.3721 565.292 
-49.3691 567.662 
-49.3661 570.044 
-49.3631 572.436 
-49.3601 574.839 
-49.357 577.253 
-49.354 579.678 
-49.351 582.114 
-49.348 584.561 
-49.3449 587.02 
-49.3419 589.49 
-49.3389 591.971 
-49.3358 594.464 
-49.3328 596.968 
-49.3297 599.484 
-49.3267 602.011 
-49.3236 604.55 
-49.3206 607.1 
-49.3175 609.662 
-49.3145 612.237 
-49.3114 614.822 
-49.3083 617.42 
-49.3053 620.03 
-49.3022 622.652 
-49.2991 625.285 
-49.296 627.931 
-49.2929 630.589 
-49.2899 633.26 
-49.2868 635.942 
-49.2837 638.637 
-49.2806 641.345 
-49.2775 644.065 
-49.2744 646.797 
-49.2713 649.542 
-49.2682 652.3 
-49.2651 655.07 
-49.262 657.854 
-49.2588 660.65 
-49.2557 663.459 
-49.2526 666.28 
-49.2495 669.115 
-49.2464 671.963 
-49.2432 674.825 
-49.2401 677.699 
-49.237 680.587 
-49.2338 683.488 
-49.2307 686.402 
-49.2275 689.33 
-49.2244 692.271 
-49.2212 695.226 
-49.2181 698.195 
-49.2149 701.177 
-49.2118 704.173 
-49.2086 707.183 
-49.2055 710.207 
-49.2023 713.245 
-49.1991 716.297 
-49.196 719.364 
-49.1928 722.444 
-49.1896 725.538 
-49.1864 728.647 
-49.1833 731.771 
-49.1801 734.908 
-49.1769 738.061 
-49.1737 741.228 
-49.1705 744.409 
-49.1673 747.606 
-49.1641 750.817 
-49.1609 754.043 
-49.1577 757.284 
-49.1545 760.54 
-49.1513 763.811 
-49.1481 767.097 
-49.1449 770.399 
-49.1416 773.715 
-49.1384 777.048 
-49.1352 780.395 
-49.132 783.759 
-49.1288 787.138 
-49.1255 790.532 
-49.1223 793.942 
-49.1191 797.369 
-49.1158 800.811 
-49.1126 804.269 
-49.1093 807.743 
-49.1061 811.233 
-49.1028 814.74 
-49.0996 818.262 
-49.0963 821.802 
-49.0931 825.357 
-49.0898 828.929 
-49.0866 832.518 
-49.0833 836.124 
-49.08 839.746 
-49.0768 843.385 
-49.0735 847.041 
-49.0702 850.714 
-49.0669 854.404 
-49.0637 858.111 
-49.0604 861.836 
-49.0571 865.578 
-49.0538 869.337 
-49.0505 873.114 
-49.0472 876.909 
-49.0439 880.721 
-49.0406 884.551 
-49.0373 888.398 
-49.034 892.264 
-49.0307 896.148 
-49.0274 900.049 
-49.0241 903.969 
-49.0208 907.908 
-49.0175 911.864 
-49.0142 915.839 
-49.0109 919.833 
-49.0075 923.845 
-49.0042 927.876 
-49.0009 931.926 
-48.9976 935.995 
-48.9942 940.083 
-48.9909 944.189 
-48.9876 948.315 
-48.9842 952.461 
-48.9809 956.625 
-48.9775 960.809 
-48.9742 965.013 
-48.9708 969.236 
-48.9675 973.479 
-48.9641 977.742 
-48.9608 982.025 
-48.9574 986.327 
-48.9541 990.65 
-48.9507 994.993 
-48.9473 999.357 
-48.944 1003.74 
-48.9406 1008.14 
-48.9372 1012.57 
-48.9339 1017.02 
-48.9305 1021.48 
-48.9271 1025.97 
-48.9237 1030.48 
-48.9204 1035.01 
-48.917 1039.56 
-48.9136 1044.13 
-48.9102 1048.72 
-48.9068 1053.34 
-48.9034 1057.97 
-48.9 1062.63 
-48.8966 1067.31 
-48.8932 1072.01 
-48.8898 1076.74 
-48.8864 1081.48 
-48.883 1086.25 
-48.8796 1091.04 
-48.8762 1095.86 
-48.8728 1100.69 
-48.8693 1105.55 
-48.8659 1110.43 
-48.8625 1115.33 
-48.8591 1120.26 
-48.8557 1125.21 
-48.8522 1130.18 
-48.8488 1135.18 
-48.8454 1140.2 
-48.8419 1145.25 
-48.8385 1150.31 
-48.8351 1155.4 
-48.8316 1160.52 
-48.8282 1165.66 
-48.8247 1170.82 
-48.8213 1176.01 
-48.8178 1181.22 
-48.8144 1186.46 
-48.8109 1191.72 
-48.8075 1197 
-48.804 1202.31 
-48.8006 1207.65 
-48.7971 1213.01 
-48.7936 1218.39 
-48.7902 1223.81 
-48.7867 1229.24 
-48.7832 1234.7 
-48.7798 1240.19 
-48.7763 1245.7 
-48.7728 1251.24 
-48.7693 1256.81 
-48.7659 1262.4 
-48.7624 1268.02 
-48.7589 1273.66 
-48.7554 1279.33 
-48.7519 1285.03 
-48.7484 1290.76 
-48.7449 1296.51 
-48.7415 1302.28 
-48.738 1308.09 
-48.7345 1313.92 
-48.731 1319.78 
-48.7275 1325.67 
-48.724 1331.59 
-48.7205 1337.53 
-48.7169 1343.5 
-48.7134 1349.5 
-48.7099 1355.53 
-48.7064 1361.58 
-48.7029 1367.67 
-48.6994 1373.78 
-48.6959 1379.93 
-48.6923 1386.1 
-48.6888 1392.3 
-48.6853 1398.53 
-48.6818 1404.79 
-48.6782 1411.07 
-48.6747 1417.39 
-48.6712 1423.74 
-48.6676 1430.12 
-48.6641 1436.52 
-48.6606 1442.96 
-48.657 1449.43 
-48.6535 1455.93 
-48.6499 1462.46 
-48.6464 1469.02 
-48.6428 1475.61 
-48.6393 1482.23 
-48.6357 1488.89 
-48.6322 1495.57 
-48.6286 1502.29 
-48.6251 1509.04 
-48.6215 1515.82 
-48.618 1522.63 
-48.6144 1529.47 
-48.6108 1536.35 
-48.6073 1543.26 
-48.6037 1550.2 
-48.6001 1557.18 
-48.5966 1564.18 
-48.593 1571.23 
-48.5894 1578.3 
-48.5858 1585.41 
-48.5823 1592.55 
-48.5787 1599.72 
-48.5751 1606.93 
-48.5715 1614.17 
-48.5679 1621.45 
-48.5643 1628.76 
-48.5608 1636.11 
-48.5572 1643.49 
-48.5536 1650.9 
-48.55 1658.35 
-48.5464 1665.84 
-48.5428 1673.36 
-48.5392 1680.92 
-48.5356 1688.51 
-48.532 1696.14 
-48.5284 1703.8 
-48.5248 1711.5 
-48.5212 1719.24 
-48.5176 1727.02 
-48.514 1734.83 
-48.5103 1742.67 
-48.5067 1750.56 
-48.5031 1758.48 
-48.4995 1766.44 
-48.4959 1774.44 
-48.4922 1782.47 
-48.4886 1790.55 
-48.485 1798.66 
-48.4814 1806.81 
-48.4778 1815 
-48.4741 1823.22 
-48.4705 1831.49 
-48.4669 1839.79 
-48.4632 1848.14 
-48.4596 1856.52 
-48.456 1864.95 
-48.4523 1873.41 
-48.4487 1881.91 
-48.445 1890.46 
-48.4414 1899.04 
-48.4377 1907.67 
-48.4341 1916.34 
-48.4305 1925.04 
-48.4268 1933.79 
-48.4232 1942.58 
-48.4195 1951.41 
-48.4158 1960.29 
-48.4122 1969.2 
-48.4085 1978.16 
-48.4049 1987.16 
-48.4012 1996.2 
-48.3976 2005.29 
-48.3939 2014.42 
-48.3902 2023.59 
-48.3866 2032.81 
-48.3829 2042.07 
-48.3792 2051.37 
-48.3756 2060.72 
-48.3719 2070.11 
-48.3682 2079.55 
-48.3645 2089.03 
-48.3609 2098.56 
-48.3572 2108.13 
-48.3535 2117.75 
-48.3498 2127.41 
-48.3461 2137.12 
-48.3425 2146.87 
-48.3388 2156.67 
-48.3351 2166.52 
-48.3314 2176.42 
-48.3277 2186.36 
-48.324 2196.35 
-48.3203 2206.38 
-48.3166 2216.47 
-48.3129 2226.6 
-48.3092 2236.78 
-48.3055 2247.01 
-48.3018 2257.28 
-48.2981 2267.61 
-48.2944 2277.98 
-48.2907 2288.41 
-48.287 2298.88 
-48.2833 2309.4 
-48.2796 2319.98 
-48.2759 2330.6 
-48.2722 2341.28 
-48.2685 2352 
-48.2648 2362.78 
-48.2611 2373.6 
-48.2573 2384.48 
-48.2536 2395.41 
-48.2499 2406.39 
-48.2462 2417.43 
-48.2425 2428.52 
-48.2387 2439.66 
-48.235 2450.85 
-48.2313 2462.09 
-48.2276 2473.39 
-48.2238 2484.75 
-48.2201 2496.15 
-48.2164 2507.61 
-48.2127 2519.13 
-48.2089 2530.7 
-48.2052 2542.33 
-48.2014 2554.01 
-48.1977 2565.75 
-48.194 2577.54 
-48.1902 2589.39 
-48.1865 2601.29 
-48.1828 2613.25 
-48.179 2625.27 
-48.1753 2637.35 
-48.1715 2649.48 
-48.1678 2661.67 
-48.164 2673.92 
-48.1603 2686.23 
-48.1565 2698.59 
-48.1528 2711.02 
-48.149 2723.5 
-48.1453 2736.05 
-48.1415 2748.65 
-48.1378 2761.31 
-48.134 2774.04 
-48.1302 2786.82 
-48.1265 2799.67 
-48.1227 2812.57 
-48.119 2825.54 
-48.1152 2838.57 
-48.1114 2851.66 
-48.1077 2864.82 
-48.1039 2878.03 
-48.1001 2891.31 
-48.0964 2904.66 
-48.0926 2918.06 
-48.0888 2931.53 
-48.085 2945.07 
-48.0813 2958.67 
-48.0775 2972.33 
-48.0737 2986.06 
-48.0699 2999.86 
-48.0662 3013.72 
-48.0624 3027.64 
-48.0586 3041.64 
-48.0548 3055.69 
-48.051 3069.82 
-48.0472 3084.02 
-48.0435 3098.28 
-48.0397 3112.61 
-48.0359 3127 
-48.0321 3141.47 
-48.0283 3156.01 
-48.0245 3170.61 
-48.0207 3185.29 
-48.0169 3200.03 
-48.0131 3214.85 
-48.0093 3229.73 
-48.0055 3244.69 
-48.0017 3259.72 
-47.9979 3274.82 
-47.9941 3289.99 
-47.9903 3305.23 
-47.9865 3320.55 
-47.9827 3335.94 
-47.9789 3351.4 
-47.9751 3366.94 
-47.9713 3382.55 
-47.9675 3398.24 
-47.9637 3414 
-47.9599 3429.83 
-47.9561 3445.74 
-47.9523 3461.73 
-47.9485 3477.8 
-47.9446 3493.94 
-47.9408 3510.15 
-47.937 3526.45 
-47.9332 3542.82 
-47.9294 3559.27 
-47.9256 3575.8 
-47.9217 3592.41 
-47.9179 3609.1 
-47.9141 3625.87 
-47.9103 3642.71 
-47.9065 3659.64 
-47.9026 3676.65 
-47.8988 3693.74 
-47.895 3710.91 
-47.8911 3728.17 
-47.8873 3745.5 
-47.8835 3762.92 
-47.8797 3780.42 
-47.8758 3798.01 
-47.872 3815.68 
-47.8682 3833.43 
-47.8643 3851.27 
-47.8605 3869.19 
-47.8567 3887.2 
-47.8528 3905.3 
-47.849 3923.48 
-47.8451 3941.75 
-47.8413 3960.11 
-47.8375 3978.55 
-47.8336 3997.09 
-47.8298 4015.71 
-47.8259 4034.42 
-47.8221 4053.22 
-47.8182 4072.1 
-47.8144 4091.08 
-47.8106 4110.15 
-47.8067 4129.32 
-47.8029 4148.57 
-47.799 4167.91 
-47.7952 4187.35 
-47.7913 4206.88 
-47.7874 4226.51 
-47.7836 4246.22 
-47.7797 4266.04 
-47.7759 4285.94 
-47.772 4305.94 
-47.7682 4326.04 
-47.7643 4346.23 
-47.7605 4366.53 
-47.7566 4386.91 
-47.7527 4407.4 
-47.7489 4427.98 
-47.745 4448.66 
-47.7411 4469.44 
-47.7373 4490.32 
-47.7334 4511.3 
-47.7296 4532.38 
-47.7257 4553.56 
-47.7218 4574.84 
-47.7179 4596.23 
-47.7141 4617.71 
-47.7102 4639.3 
-47.7063 4660.99 
-47.7025 4682.79 
-47.6986 4704.69 
-47.6947 4726.69 
-47.6908 4748.8 
-47.687 4771.02 
-47.6831 4793.34 
-47.6792 4815.77 
-47.6753 4838.31 
-47.6715 4860.95 
-47.6676 4883.7 
-47.6637 4906.57 
-47.6598 4929.54 
-47.6559 4952.62 
-47.6521 4975.81 
-47.6482 4999.11 
-47.6443 5022.52 
-47.6404 5046.05 
-47.6365 5069.69 
-47.6326 5093.44 
-47.6288 5117.31 
-47.6249 5141.29 
-47.621 5165.38 
-47.6171 5189.59 
-47.6132 5213.92 
