-50.8248 18.5267 
-50.8245 18.5277 
-50.8243 18.5285 
-50.8241 18.5294 
-50.8238 18.5302 
-50.8236 18.5309 
-50.8234 18.5317 
-50.8233 18.5324 
-50.8231 18.533 
-50.8229 18.5337 
-50.8227 18.5343 
-50.8226 18.5349 
-50.8224 18.5354 
-50.8223 18.5359 
-50.8222 18.5365 
-50.8221 18.5369 
-50.8219 18.5374 
-50.8218 18.5379 
-50.8217 18.5383 
-50.8216 18.5387 
-50.8215 18.5391 
-50.8214 18.5395 
-50.8213 18.5398 
-50.8212 18.5402 
-50.8212 18.5405 
-50.8211 18.5409 
-50.821 18.5412 
-50.821 18.5415 
-50.8209 18.5418 
-50.8208 18.542 
-50.8208 18.5423 
-50.8207 18.5426 
-50.8207 18.5428 
-50.8206 18.5431 
-50.8206 18.5433 
-50.8205 18.5435 
-50.8205 18.5438 
-50.8204 18.544 
-50.8204 18.5442 
-50.8204 18.5444 
-50.8203 18.5446 
-50.8203 18.5448 
-50.8202 18.545 
-50.8202 18.5451 
-50.8202 18.5453 
-50.8202 18.5455 
-50.8201 18.5456 
-50.8201 18.5458 
-50.8201 18.546 
-50.8201 18.5461 
-50.82 18.5463 
-50.82 18.5464 
-50.82 18.5466 
-50.82 18.5467 
-50.82 18.5468 
-50.8199 18.547 
-50.8199 18.5471 
-50.8199 18.5472 
-50.8199 18.5474 
-50.8199 18.5475 
-50.8199 18.5476 
-50.8199 18.5477 
-50.8198 18.5479 
-50.8198 18.548 
-50.8198 18.5481 
-50.8198 18.5482 
-50.8198 18.5483 
-50.8198 18.5485 
-50.8198 18.5486 
-50.8198 18.5487 
-50.8198 18.5488 
-50.8198 18.5489 
-50.8198 18.549 
-50.8197 18.5491 
-50.8197 18.5492 
-50.8197 18.5493 
-50.8197 18.5494 
-50.8197 18.5495 
-50.8197 18.5497 
-50.8197 18.5498 
-50.8197 18.5499 
-50.8197 18.55 
-50.8197 18.5501 
-50.8197 18.5502 
-50.8197 18.5503 
-50.8197 18.5504 
-50.8197 18.5505 
-50.8197 18.5506 
-50.8197 18.5507 
-50.8197 18.5508 
-50.8197 18.5509 
-50.8197 18.551 
-50.8197 18.5511 
-50.8197 18.5512 
-50.8196 18.5513 
-50.8196 18.5514 
-50.8196 18.5515 
-50.8196 18.5516 
-50.8196 18.5517 
-50.8196 18.5518 
-50.8196 18.5519 
-50.8196 18.552 
-50.8196 18.5521 
-50.8196 18.5522 
-50.8196 18.5523 
-50.8196 18.5524 
-50.8196 18.5525 
-50.8196 18.5526 
-50.8196 18.5527 
-50.8196 18.5528 
-50.8196 18.5529 
-50.8196 18.553 
-50.8196 18.5531 
-50.8196 18.5532 
-50.8196 18.5533 
-50.8196 18.5534 
-50.8196 18.5535 
-50.8196 18.5536 
-50.8196 18.5537 
-50.8196 18.5538 
-50.8196 18.5539 
-50.8196 18.554 
-50.8196 18.5542 
-50.8196 18.5543 
-50.8196 18.5544 
-50.8196 18.5545 
-50.8196 18.5546 
-50.8196 18.5547 
-50.8196 18.5548 
-50.8196 18.5549 
-50.8196 18.555 
-50.8196 18.5551 
-50.8196 18.5552 
-50.8196 18.5553 
-50.8196 18.5554 
-50.8196 18.5555 
-50.8196 18.5557 
-50.8196 18.5558 
-50.8196 18.5559 
-50.8196 18.556 
-50.8196 18.5561 
-50.8196 18.5562 
-50.8196 18.5563 
-50.8196 18.5564 
-50.8196 18.5565 
-50.8196 18.5567 
-50.8196 18.5568 
-50.8196 18.5569 
-50.8196 18.557 
-50.8196 18.5571 
-50.8196 18.5572 
-50.8196 18.5573 
-50.8196 18.5574 
-50.8196 18.5576 
-50.8196 18.5577 
-50.8196 18.5578 
-50.8196 18.5579 
-50.8196 18.558 
-50.8196 18.5581 
-50.8196 18.5583 
-50.8196 18.5584 
-50.8196 18.5585 
-50.8196 18.5586 
-50.8196 18.5587 
-50.8196 18.5589 
-50.8196 18.559 
-50.8196 18.5591 
-50.8196 18.5592 
-50.8196 18.5593 
-50.8195 18.5595 
-50.8195 18.5596 
-50.8195 18.5597 
-50.8195 18.5598 
-50.8195 18.56 
-50.8195 18.5601 
-50.8195 18.5602 
-50.8195 18.5603 
-50.8195 18.5605 
-50.8195 18.5606 
-50.8195 18.5607 
-50.8195 18.5608 
-50.8195 18.561 
-50.8195 18.5611 
-50.8195 18.5612 
-50.8195 18.5613 
-50.8195 18.5615 
-50.8195 18.5616 
-50.8195 18.5617 
-50.8195 18.5619 
-50.8195 18.562 
-50.8195 18.5621 
-50.8195 18.5623 
-50.8195 18.5624 
-50.8195 18.5625 
-50.8195 18.5627 
-50.8195 18.5628 
-50.8195 18.5629 
-50.8195 18.5631 
-50.8195 18.5632 
-50.8195 18.5633 
-50.8195 18.5635 
-50.8195 18.5636 
-50.8195 18.5637 
-50.8195 18.5639 
-50.8195 18.564 
-50.8195 18.5642 
-50.8195 18.5643 
-50.8195 18.5644 
-50.8195 18.5646 
-50.8195 18.5647 
-50.8195 18.5649 
-50.8195 18.565 
-50.8195 18.5651 
-50.8195 18.5653 
-50.8195 18.5654 
-50.8195 18.5656 
-50.8195 18.5657 
-50.8195 18.5659 
-50.8195 18.566 
-50.8195 18.5661 
-50.8195 18.5663 
-50.8195 18.5664 
-50.8195 18.5666 
-50.8195 18.5667 
-50.8195 18.5669 
-50.8195 18.567 
-50.8195 18.5672 
-50.8195 18.5673 
-50.8195 18.5675 
-50.8195 18.5676 
-50.8195 18.5678 
-50.8195 18.5679 
-50.8195 18.5681 
-50.8195 18.5682 
-50.8195 18.5684 
-50.8195 18.5685 
-50.8195 18.5687 
-50.8195 18.5689 
-50.8195 18.569 
-50.8195 18.5692 
-50.8195 18.5693 
-50.8195 18.5695 
-50.8195 18.5696 
-50.8195 18.5698 
-50.8195 18.57 
-50.8195 18.5701 
-50.8195 18.5703 
-50.8195 18.5704 
-50.8195 18.5706 
-50.8195 18.5708 
-50.8195 18.5709 
-50.8195 18.5711 
-50.8195 18.5713 
-50.8195 18.5714 
-50.8195 18.5716 
-50.8195 18.5717 
-50.8195 18.5719 
-50.8195 18.5721 
-50.8195 18.5722 
-50.8195 18.5724 
-50.8195 18.5726 
-50.8195 18.5728 
-50.8195 18.5729 
-50.8195 18.5731 
-50.8195 18.5733 
-50.8195 18.5734 
-50.8195 18.5736 
-50.8195 18.5738 
-50.8195 18.574 
-50.8195 18.5741 
-50.8194 18.5743 
-50.8194 18.5745 
-50.8194 18.5747 
-50.8194 18.5748 
-50.8194 18.575 
-50.8194 18.5752 
-50.8194 18.5754 
-50.8194 18.5755 
-50.8194 18.5757 
-50.8194 18.5759 
-50.8194 18.5761 
-50.8194 18.5763 
-50.8194 18.5764 
-50.8194 18.5766 
-50.8194 18.5768 
-50.8194 18.577 
-50.8194 18.5772 
-50.8194 18.5774 
-50.8194 18.5776 
-50.8194 18.5777 
-50.8194 18.5779 
-50.8194 18.5781 
-50.8194 18.5783 
-50.8194 18.5785 
-50.8194 18.5787 
-50.8194 18.5789 
-50.8194 18.5791 
-50.8194 18.5793 
-50.8194 18.5794 
-50.8194 18.5796 
-50.8194 18.5798 
-50.8194 18.58 
-50.8194 18.5802 
-50.8194 18.5804 
-50.8194 18.5806 
-50.8194 18.5808 
-50.8194 18.581 
-50.8194 18.5812 
-50.8194 18.5814 
-50.8194 18.5816 
-50.8194 18.5818 
-50.8194 18.582 
-50.8194 18.5822 
-50.8194 18.5824 
-50.8194 18.5826 
-50.8194 18.5828 
-50.8194 18.583 
-50.8194 18.5832 
-50.8194 18.5835 
-50.8194 18.5837 
-50.8194 18.5839 
-50.8194 18.5841 
-50.8194 18.5843 
-50.8194 18.5845 
-50.8194 18.5847 
-50.8194 18.5849 
-50.8194 18.5851 
-50.8194 18.5854 
-50.8194 18.5856 
-50.8194 18.5858 
-50.8194 18.586 
-50.8194 18.5862 
-50.8194 18.5864 
-50.8194 18.5866 
-50.8194 18.5869 
-50.8194 18.5871 
-50.8194 18.5873 
-50.8194 18.5875 
-50.8194 18.5878 
-50.8194 18.588 
-50.8194 18.5882 
-50.8194 18.5884 
-50.8194 18.5886 
-50.8193 18.5889 
-50.8193 18.5891 
-50.8193 18.5893 
-50.8193 18.5896 
-50.8193 18.5898 
-50.8193 18.59 
-50.8193 18.5903 
-50.8193 18.5905 
-50.8193 18.5907 
-50.8193 18.5909 
-50.8193 18.5912 
-50.8193 18.5914 
-50.8193 18.5917 
-50.8193 18.5919 
-50.8193 18.5921 
-50.8193 18.5924 
-50.8193 18.5926 
-50.8193 18.5928 
-50.8193 18.5931 
-50.8193 18.5933 
-50.8193 18.5936 
-50.8193 18.5938 
-50.8193 18.5941 
-50.8193 18.5943 
-50.8193 18.5946 
-50.8193 18.5948 
-50.8193 18.5951 
-50.8193 18.5953 
-50.8193 18.5956 
-50.8193 18.5958 
-50.8193 18.5961 
-50.8193 18.5963 
-50.8193 18.5966 
-50.8193 18.5968 
-50.8193 18.5971 
-50.8193 18.5973 
-50.8193 18.5976 
-50.8193 18.5978 
-50.8193 18.5981 
-50.8193 18.5984 
-50.8193 18.5986 
-50.8193 18.5989 
-50.8193 18.5991 
-50.8193 18.5994 
-50.8193 18.5997 
-50.8193 18.5999 
-50.8193 18.6002 
-50.8193 18.6005 
-50.8193 18.6007 
-50.8193 18.601 
-50.8193 18.6013 
-50.8193 18.6016 
-50.8193 18.6018 
-50.8193 18.6021 
-50.8193 18.6024 
-50.8193 18.6026 
-50.8193 18.6029 
-50.8192 18.6032 
-50.8192 18.6035 
-50.8192 18.6038 
-50.8192 18.604 
-50.8192 18.6043 
-50.8192 18.6046 
-50.8192 18.6049 
-50.8192 18.6052 
-50.8192 18.6055 
-50.8192 18.6057 
-50.8192 18.606 
-50.8192 18.6063 
-50.8192 18.6066 
-50.8192 18.6069 
-50.8192 18.6072 
-50.8192 18.6075 
-50.8192 18.6078 
-50.8192 18.6081 
-50.8192 18.6084 
-50.8192 18.6087 
-50.8192 18.609 
-50.8192 18.6093 
-50.8192 18.6096 
-50.8192 18.6099 
-50.8192 18.6102 
-50.8192 18.6105 
-50.8192 18.6108 
-50.8192 18.6111 
-50.8192 18.6114 
-50.8192 18.6117 
-50.8192 18.612 
-50.8192 18.6123 
-50.8192 18.6126 
-50.8192 18.6129 
-50.8192 18.6132 
-50.8192 18.6136 
-50.8192 18.6139 
-50.8192 18.6142 
-50.8192 18.6145 
-50.8192 18.6148 
-50.8192 18.6151 
-50.8192 18.6155 
-50.8192 18.6158 
-50.8192 18.6161 
-50.8192 18.6164 
-50.8192 18.6168 
-50.8192 18.6171 
-50.8192 18.6174 
-50.8191 18.6177 
-50.8191 18.6181 
-50.8191 18.6184 
-50.8191 18.6187 
-50.8191 18.6191 
-50.8191 18.6194 
-50.8191 18.6197 
-50.8191 18.6201 
-50.8191 18.6204 
-50.8191 18.6208 
-50.8191 18.6211 
-50.8191 18.6214 
-50.8191 18.6218 
-50.8191 18.6221 
-50.8191 18.6225 
-50.8191 18.6228 
-50.8191 18.6232 
-50.8191 18.6235 
-50.8191 18.6239 
-50.8191 18.6242 
-50.8191 18.6246 
-50.8191 18.6249 
-50.8191 18.6253 
-50.8191 18.6256 
-50.8191 18.626 
-50.8191 18.6264 
-50.8191 18.6267 
-50.8191 18.6271 
-50.8191 18.6274 
-50.8191 18.6278 
-50.8191 18.6282 
-50.8191 18.6285 
-50.8191 18.6289 
-50.8191 18.6293 
-50.8191 18.6296 
-50.8191 18.63 
-50.8191 18.6304 
-50.8191 18.6308 
-50.8191 18.6311 
-50.8191 18.6315 
-50.8191 18.6319 
-50.819 18.6323 
-50.819 18.6327 
-50.819 18.633 
-50.819 18.6334 
-50.819 18.6338 
-50.819 18.6342 
-50.819 18.6346 
-50.819 18.635 
-50.819 18.6354 
-50.819 18.6358 
-50.819 18.6362 
-50.819 18.6366 
-50.819 18.637 
-50.819 18.6374 
-50.819 18.6378 
-50.819 18.6382 
-50.819 18.6386 
-50.819 18.639 
-50.819 18.6394 
-50.819 18.6398 
-50.819 18.6402 
-50.819 18.6406 
-50.819 18.641 
-50.819 18.6414 
-50.819 18.6418 
-50.819 18.6422 
-50.819 18.6427 
-50.819 18.6431 
-50.819 18.6435 
-50.819 18.6439 
-50.819 18.6443 
-50.819 18.6448 
-50.819 18.6452 
-50.819 18.6456 
-50.819 18.6461 
-50.819 18.6465 
-50.819 18.6469 
-50.8189 18.6474 
-50.8189 18.6478 
-50.8189 18.6482 
-50.8189 18.6487 
-50.8189 18.6491 
-50.8189 18.6495 
-50.8189 18.65 
-50.8189 18.6504 
-50.8189 18.6509 
-50.8189 18.6513 
-50.8189 18.6518 
-50.8189 18.6522 
-50.8189 18.6527 
-50.8189 18.6531 
-50.8189 18.6536 
-50.8189 18.6541 
-50.8189 18.6545 
-50.8189 18.655 
-50.8189 18.6554 
-50.8189 18.6559 
-50.8189 18.6564 
-50.8189 18.6568 
-50.8189 18.6573 
-50.8189 18.6578 
-50.8189 18.6582 
-50.8189 18.6587 
-50.8189 18.6592 
-50.8189 18.6597 
-50.8189 18.6602 
-50.8189 18.6606 
-50.8189 18.6611 
-50.8188 18.6616 
-50.8188 18.6621 
-50.8188 18.6626 
-50.8188 18.6631 
-50.8188 18.6636 
-50.8188 18.6641 
-50.8188 18.6646 
-50.8188 18.665 
-50.8188 18.6655 
-50.8188 18.666 
-50.8188 18.6665 
-50.8188 18.6671 
-50.8188 18.6676 
-50.8188 18.6681 
-50.8188 18.6686 
-50.8188 18.6691 
-50.8188 18.6696 
-50.8188 18.6701 
-50.8188 18.6706 
-50.8188 18.6712 
-50.8188 18.6717 
-50.8188 18.6722 
-50.8188 18.6727 
-50.8188 18.6732 
-50.8188 18.6738 
-50.8188 18.6743 
-50.8188 18.6748 
-50.8188 18.6754 
-50.8187 18.6759 
-50.8187 18.6764 
-50.8187 18.677 
-50.8187 18.6775 
-50.8187 18.6781 
-50.8187 18.6786 
-50.8187 18.6792 
-50.8187 18.6797 
-50.8187 18.6803 
-50.8187 18.6808 
-50.8187 18.6814 
-50.8187 18.6819 
-50.8187 18.6825 
-50.8187 18.683 
-50.8187 18.6836 
-50.8187 18.6842 
-50.8187 18.6847 
-50.8187 18.6853 
-50.8187 18.6859 
-50.8187 18.6864 
-50.8187 18.687 
-50.8187 18.6876 
-50.8187 18.6882 
-50.8187 18.6888 
-50.8187 18.6893 
-50.8187 18.6899 
-50.8186 18.6905 
-50.8186 18.6911 
-50.8186 18.6917 
-50.8186 18.6923 
-50.8186 18.6929 
-50.8186 18.6935 
-50.8186 18.6941 
-50.8186 18.6947 
-50.8186 18.6953 
-50.8186 18.6959 
-50.8186 18.6965 
-50.8186 18.6971 
-50.8186 18.6977 
-50.8186 18.6983 
-50.8186 18.699 
-50.8186 18.6996 
-50.8186 18.7002 
-50.8186 18.7008 
-50.8186 18.7015 
-50.8186 18.7021 
-50.8186 18.7027 
-50.8186 18.7034 
-50.8186 18.704 
-50.8186 18.7046 
-50.8186 18.7053 
-50.8185 18.7059 
-50.8185 18.7066 
-50.8185 18.7072 
-50.8185 18.7078 
-50.8185 18.7085 
-50.8185 18.7092 
-50.8185 18.7098 
-50.8185 18.7105 
-50.8185 18.7111 
-50.8185 18.7118 
-50.8185 18.7125 
-50.8185 18.7131 
-50.8185 18.7138 
-50.8185 18.7145 
-50.8185 18.7151 
-50.8185 18.7158 
-50.8185 18.7165 
-50.8185 18.7172 
-50.8185 18.7179 
-50.8185 18.7186 
-50.8185 18.7192 
-50.8184 18.7199 
-50.8184 18.7206 
-50.8184 18.7213 
-50.8184 18.722 
-50.8184 18.7227 
-50.8184 18.7234 
-50.8184 18.7241 
-50.8184 18.7248 
-50.8184 18.7256 
-50.8184 18.7263 
-50.8184 18.727 
-50.8184 18.7277 
-50.8184 18.7284 
-50.8184 18.7292 
-50.8184 18.7299 
-50.8184 18.7306 
-50.8184 18.7313 
-50.8184 18.7321 
-50.8184 18.7328 
-50.8184 18.7336 
-50.8183 18.7343 
-50.8183 18.7351 
-50.8183 18.7358 
-50.8183 18.7365 
-50.8183 18.7373 
-50.8183 18.7381 
-50.8183 18.7388 
-50.8183 18.7396 
-50.8183 18.7403 
-50.8183 18.7411 
-50.8183 18.7419 
-50.8183 18.7427 
-50.8183 18.7434 
-50.8183 18.7442 
-50.8183 18.745 
-50.8183 18.7458 
-50.8183 18.7466 
-50.8183 18.7474 
-50.8183 18.7481 
-50.8182 18.7489 
-50.8182 18.7497 
-50.8182 18.7505 
-50.8182 18.7513 
-50.8182 18.7521 
-50.8182 18.753 
-50.8182 18.7538 
-50.8182 18.7546 
-50.8182 18.7554 
-50.8182 18.7562 
-50.8182 18.757 
-50.8182 18.7579 
-50.8182 18.7587 
-50.8182 18.7595 
-50.8182 18.7604 
-50.8182 18.7612 
-50.8182 18.7621 
-50.8182 18.7629 
-50.8181 18.7637 
-50.8181 18.7646 
-50.8181 18.7654 
-50.8181 18.7663 
-50.8181 18.7672 
-50.8181 18.768 
-50.8181 18.7689 
-50.8181 18.7698 
-50.8181 18.7706 
-50.8181 18.7715 
-50.8181 18.7724 
-50.8181 18.7733 
-50.8181 18.7742 
-50.8181 18.775 
-50.8181 18.7759 
-50.8181 18.7768 
-50.8181 18.7777 
-50.818 18.7786 
-50.818 18.7795 
-50.818 18.7804 
-50.818 18.7814 
-50.818 18.7823 
-50.818 18.7832 
-50.818 18.7841 
-50.818 18.785 
-50.818 18.786 
-50.818 18.7869 
-50.818 18.7878 
-50.818 18.7888 
-50.818 18.7897 
-50.818 18.7906 
-50.818 18.7916 
-50.818 18.7925 
-50.8179 18.7935 
-50.8179 18.7944 
-50.8179 18.7954 
-50.8179 18.7964 
-50.8179 18.7973 
-50.8179 18.7983 
-50.8179 18.7993 
-50.8179 18.8003 
-50.8179 18.8012 
-50.8179 18.8022 
-50.8179 18.8032 
-50.8179 18.8042 
-50.8179 18.8052 
-50.8179 18.8062 
-50.8178 18.8072 
-50.8178 18.8082 
-50.8178 18.8092 
-50.8178 18.8102 
-50.8178 18.8112 
-50.8178 18.8123 
-50.8178 18.8133 
-50.8178 18.8143 
-50.8178 18.8153 
-50.8178 18.8164 
-50.8178 18.8174 
-50.8178 18.8185 
-50.8178 18.8195 
-50.8178 18.8206 
-50.8177 18.8216 
-50.8177 18.8227 
-50.8177 18.8237 
-50.8177 18.8248 
-50.8177 18.8259 
-50.8177 18.8269 
-50.8177 18.828 
-50.8177 18.8291 
-50.8177 18.8302 
-50.8177 18.8313 
-50.8177 18.8324 
-50.8177 18.8334 
-50.8177 18.8345 
-50.8177 18.8357 
-50.8176 18.8368 
-50.8176 18.8379 
-50.8176 18.839 
-50.8176 18.8401 
-50.8176 18.8412 
-50.8176 18.8424 
-50.8176 18.8435 
-50.8176 18.8446 
-50.8176 18.8458 
-50.8176 18.8469 
-50.8176 18.8481 
-50.8176 18.8492 
-50.8176 18.8504 
-50.8175 18.8515 
-50.8175 18.8527 
-50.8175 18.8538 
-50.8175 18.855 
-50.8175 18.8562 
-50.8175 18.8574 
-50.8175 18.8586 
-50.8175 18.8598 
-50.8175 18.8609 
-50.8175 18.8621 
-50.8175 18.8633 
-50.8175 18.8646 
-50.8174 18.8658 
-50.8174 18.867 
-50.8174 18.8682 
-50.8174 18.8694 
-50.8174 18.8706 
-50.8174 18.8719 
-50.8174 18.8731 
-50.8174 18.8744 
-50.8174 18.8756 
-50.8174 18.8769 
-50.8174 18.8781 
-50.8174 18.8794 
-50.8173 18.8806 
-50.8173 18.8819 
-50.8173 18.8832 
-50.8173 18.8844 
-50.8173 18.8857 
-50.8173 18.887 
-50.8173 18.8883 
-50.8173 18.8896 
-50.8173 18.8909 
-50.8173 18.8922 
-50.8173 18.8935 
-50.8172 18.8948 
-50.8172 18.8961 
-50.8172 18.8975 
-50.8172 18.8988 
-50.8172 18.9001 
-50.8172 18.9015 
-50.8172 18.9028 
-50.8172 18.9042 
-50.8172 18.9055 
-50.8172 18.9069 
-50.8172 18.9082 
-50.8171 18.9096 
-50.8171 18.911 
-50.8171 18.9123 
-50.8171 18.9137 
-50.8171 18.9151 
-50.8171 18.9165 
-50.8171 18.9179 
-50.8171 18.9193 
-50.8171 18.9207 
-50.8171 18.9221 
-50.8171 18.9235 
-50.817 18.9249 
-50.817 18.9264 
-50.817 18.9278 
-50.817 18.9292 
-50.817 18.9307 
-50.817 18.9321 
-50.817 18.9336 
-50.817 18.935 
-50.817 18.9365 
-50.817 18.938 
-50.8169 18.9394 
-50.8169 18.9409 
-50.8169 18.9424 
-50.8169 18.9439 
-50.8169 18.9454 
-50.8169 18.9469 
-50.8169 18.9484 
-50.8169 18.9499 
-50.8169 18.9514 
-50.8168 18.9529 
-50.8168 18.9545 
-50.8168 18.956 
-50.8168 18.9575 
-50.8168 18.9591 
-50.8168 18.9606 
-50.8168 18.9622 
-50.8168 18.9637 
-50.8168 18.9653 
-50.8168 18.9669 
-50.8167 18.9684 
-50.8167 18.97 
-50.8167 18.9716 
-50.8167 18.9732 
-50.8167 18.9748 
-50.8167 18.9764 
-50.8167 18.978 
-50.8167 18.9796 
-50.8167 18.9812 
-50.8166 18.9829 
-50.8166 18.9845 
-50.8166 18.9861 
-50.8166 18.9878 
-50.8166 18.9894 
-50.8166 18.9911 
-50.8166 18.9928 
-50.8166 18.9944 
-50.8166 18.9961 
-50.8165 18.9978 
-50.8165 18.9995 
-50.8165 19.0012 
-50.8165 19.0029 
-50.8165 19.0046 
-50.8165 19.0063 
-50.8165 19.008 
-50.8165 19.0097 
-50.8164 19.0114 
-50.8164 19.0132 
-50.8164 19.0149 
-50.8164 19.0167 
-50.8164 19.0184 
-50.8164 19.0202 
-50.8164 19.0219 
-50.8164 19.0237 
-50.8164 19.0255 
-50.8163 19.0273 
-50.8163 19.0291 
-50.8163 19.0309 
-50.8163 19.0327 
-50.8163 19.0345 
-50.8163 19.0363 
-50.8163 19.0381 
-50.8163 19.0399 
-50.8162 19.0418 
-50.8162 19.0436 
-50.8162 19.0455 
-50.8162 19.0473 
-50.8162 19.0492 
-50.8162 19.0511 
-50.8162 19.0529 
-50.8162 19.0548 
-50.8161 19.0567 
-50.8161 19.0586 
-50.8161 19.0605 
-50.8161 19.0624 
-50.8161 19.0643 
-50.8161 19.0663 
-50.8161 19.0682 
-50.816 19.0701 
-50.816 19.0721 
-50.816 19.074 
-50.816 19.076 
-50.816 19.0779 
-50.816 19.0799 
-50.816 19.0819 
-50.816 19.0839 
-50.8159 19.0859 
-50.8159 19.0879 
-50.8159 19.0899 
-50.8159 19.0919 
-50.8159 19.0939 
-50.8159 19.096 
-50.8159 19.098 
-50.8158 19.1 
-50.8158 19.1021 
-50.8158 19.1041 
-50.8158 19.1062 
-50.8158 19.1083 
-50.8158 19.1104 
-50.8158 19.1124 
-50.8157 19.1145 
-50.8157 19.1166 
-50.8157 19.1188 
-50.8157 19.1209 
-50.8157 19.123 
-50.8157 19.1251 
-50.8157 19.1273 
-50.8156 19.1294 
-50.8156 19.1316 
-50.8156 19.1337 
-50.8156 19.1359 
-50.8156 19.1381 
-50.8156 19.1403 
-50.8156 19.1425 
-50.8155 19.1447 
-50.8155 19.1469 
-50.8155 19.1491 
-50.8155 19.1513 
-50.8155 19.1536 
-50.8155 19.1558 
-50.8154 19.1581 
-50.8154 19.1603 
-50.8154 19.1626 
-50.8154 19.1649 
-50.8154 19.1671 
-50.8154 19.1694 
-50.8153 19.1717 
-50.8153 19.174 
-50.8153 19.1763 
-50.8153 19.1787 
-50.8153 19.181 
-50.8153 19.1833 
-50.8153 19.1857 
-50.8152 19.188 
-50.8152 19.1904 
-50.8152 19.1928 
-50.8152 19.1952 
-50.8152 19.1976 
-50.8152 19.2 
-50.8151 19.2024 
-50.8151 19.2048 
-50.8151 19.2072 
-50.8151 19.2096 
-50.8151 19.2121 
-50.8151 19.2145 
-50.815 19.217 
-50.815 19.2195 
-50.815 19.2219 
-50.815 19.2244 
-50.815 19.2269 
-50.815 19.2294 
-50.8149 19.2319 
-50.8149 19.2345 
-50.8149 19.237 
-50.8149 19.2395 
-50.8149 19.2421 
-50.8149 19.2446 
-50.8148 19.2472 
-50.8148 19.2498 
-50.8148 19.2524 
-50.8148 19.255 
-50.8148 19.2576 
-50.8147 19.2602 
-50.8147 19.2628 
-50.8147 19.2654 
-50.8147 19.2681 
-50.8147 19.2707 
-50.8147 19.2734 
-50.8146 19.2761 
-50.8146 19.2787 
-50.8146 19.2814 
-50.8146 19.2841 
-50.8146 19.2868 
-50.8145 19.2896 
-50.8145 19.2923 
-50.8145 19.295 
-50.8145 19.2978 
-50.8145 19.3005 
-50.8144 19.3033 
-50.8144 19.3061 
-50.8144 19.3089 
-50.8144 19.3117 
-50.8144 19.3145 
-50.8144 19.3173 
-50.8143 19.3201 
-50.8143 19.3229 
-50.8143 19.3258 
-50.8143 19.3286 
-50.8143 19.3315 
-50.8142 19.3344 
-50.8142 19.3373 
-50.8142 19.3402 
-50.8142 19.3431 
-50.8142 19.346 
-50.8141 19.3489 
-50.8141 19.3519 
-50.8141 19.3548 
-50.8141 19.3578 
-50.8141 19.3608 
-50.814 19.3637 
-50.814 19.3667 
-50.814 19.3697 
-50.814 19.3728 
-50.814 19.3758 
-50.8139 19.3788 
-50.8139 19.3819 
-50.8139 19.3849 
-50.8139 19.388 
-50.8139 19.3911 
-50.8138 19.3942 
-50.8138 19.3973 
-50.8138 19.4004 
-50.8138 19.4035 
-50.8137 19.4066 
-50.8137 19.4098 
-50.8137 19.4129 
-50.8137 19.4161 
-50.8137 19.4193 
-50.8136 19.4225 
-50.8136 19.4257 
-50.8136 19.4289 
-50.8136 19.4321 
-50.8135 19.4354 
-50.8135 19.4386 
-50.8135 19.4419 
-50.8135 19.4451 
-50.8135 19.4484 
-50.8134 19.4517 
-50.8134 19.455 
-50.8134 19.4583 
-50.8134 19.4617 
-50.8133 19.465 
-50.8133 19.4684 
-50.8133 19.4717 
-50.8133 19.4751 
-50.8133 19.4785 
-50.8132 19.4819 
-50.8132 19.4853 
-50.8132 19.4888 
-50.8132 19.4922 
-50.8131 19.4956 
-50.8131 19.4991 
-50.8131 19.5026 
-50.8131 19.5061 
-50.813 19.5096 
-50.813 19.5131 
-50.813 19.5166 
-50.813 19.5202 
-50.8129 19.5237 
-50.8129 19.5273 
-50.8129 19.5309 
-50.8129 19.5344 
-50.8128 19.538 
-50.8128 19.5417 
-50.8128 19.5453 
-50.8128 19.5489 
-50.8127 19.5526 
-50.8127 19.5563 
-50.8127 19.5599 
-50.8127 19.5636 
-50.8126 19.5673 
-50.8126 19.5711 
-50.8126 19.5748 
-50.8126 19.5785 
-50.8125 19.5823 
-50.8125 19.5861 
-50.8125 19.5899 
-50.8125 19.5937 
-50.8124 19.5975 
-50.8124 19.6013 
-50.8124 19.6051 
-50.8124 19.609 
-50.8123 19.6129 
-50.8123 19.6168 
-50.8123 19.6207 
-50.8123 19.6246 
-50.8122 19.6285 
-50.8122 19.6324 
-50.8122 19.6364 
-50.8121 19.6404 
-50.8121 19.6443 
-50.8121 19.6483 
-50.8121 19.6523 
-50.812 19.6564 
-50.812 19.6604 
-50.812 19.6645 
-50.812 19.6685 
-50.8119 19.6726 
-50.8119 19.6767 
-50.8119 19.6808 
-50.8118 19.6849 
-50.8118 19.6891 
-50.8118 19.6932 
-50.8118 19.6974 
-50.8117 19.7016 
-50.8117 19.7058 
-50.8117 19.71 
-50.8116 19.7142 
-50.8116 19.7185 
-50.8116 19.7227 
-50.8116 19.727 
-50.8115 19.7313 
-50.8115 19.7356 
-50.8115 19.7399 
-50.8114 19.7443 
-50.8114 19.7486 
-50.8114 19.753 
-50.8114 19.7574 
-50.8113 19.7618 
-50.8113 19.7662 
-50.8113 19.7706 
-50.8112 19.7751 
-50.8112 19.7796 
-50.8112 19.784 
-50.8111 19.7885 
-50.8111 19.793 
-50.8111 19.7976 
-50.811 19.8021 
-50.811 19.8067 
-50.811 19.8112 
-50.811 19.8158 
-50.8109 19.8204 
-50.8109 19.8251 
-50.8109 19.8297 
-50.8108 19.8344 
-50.8108 19.8391 
-50.8108 19.8437 
-50.8107 19.8485 
-50.8107 19.8532 
-50.8107 19.8579 
-50.8106 19.8627 
-50.8106 19.8675 
-50.8106 19.8723 
-50.8105 19.8771 
-50.8105 19.8819 
-50.8105 19.8867 
-50.8104 19.8916 
-50.8104 19.8965 
-50.8104 19.9014 
-50.8103 19.9063 
-50.8103 19.9112 
-50.8103 19.9162 
-50.8102 19.9211 
-50.8102 19.9261 
-50.8102 19.9311 
-50.8101 19.9362 
-50.8101 19.9412 
-50.8101 19.9463 
-50.81 19.9513 
-50.81 19.9564 
-50.81 19.9615 
-50.8099 19.9667 
-50.8099 19.9718 
-50.8099 19.977 
-50.8098 19.9822 
-50.8098 19.9874 
-50.8097 19.9926 
-50.8097 19.9978 
-50.8097 20.0031 
-50.8096 20.0084 
-50.8096 20.0137 
-50.8096 20.019 
-50.8095 20.0243 
-50.8095 20.0297 
-50.8095 20.0351 
-50.8094 20.0405 
-50.8094 20.0459 
-50.8094 20.0513 
-50.8093 20.0568 
-50.8093 20.0622 
-50.8092 20.0677 
-50.8092 20.0732 
-50.8092 20.0788 
-50.8091 20.0843 
-50.8091 20.0899 
-50.8091 20.0955 
-50.809 20.1011 
-50.809 20.1067 
-50.8089 20.1124 
-50.8089 20.118 
-50.8089 20.1237 
-50.8088 20.1294 
-50.8088 20.1352 
-50.8087 20.1409 
-50.8087 20.1467 
-50.8087 20.1525 
-50.8086 20.1583 
-50.8086 20.1641 
-50.8085 20.17 
-50.8085 20.1759 
-50.8085 20.1818 
-50.8084 20.1877 
-50.8084 20.1936 
-50.8083 20.1996 
-50.8083 20.2056 
-50.8083 20.2116 
-50.8082 20.2176 
-50.8082 20.2236 
-50.8081 20.2297 
-50.8081 20.2358 
-50.8081 20.2419 
-50.808 20.248 
-50.808 20.2542 
-50.8079 20.2604 
-50.8079 20.2666 
-50.8078 20.2728 
-50.8078 20.279 
-50.8078 20.2853 
-50.8077 20.2916 
-50.8077 20.2979 
-50.8076 20.3043 
-50.8076 20.3106 
-50.8075 20.317 
-50.8075 20.3234 
-50.8075 20.3298 
-50.8074 20.3363 
-50.8074 20.3427 
-50.8073 20.3492 
-50.8073 20.3558 
-50.8072 20.3623 
-50.8072 20.3689 
-50.8072 20.3755 
-50.8071 20.3821 
-50.8071 20.3887 
-50.807 20.3954 
-50.807 20.402 
-50.8069 20.4088 
-50.8069 20.4155 
-50.8068 20.4222 
-50.8068 20.429 
-50.8067 20.4358 
-50.8067 20.4427 
-50.8066 20.4495 
-50.8066 20.4564 
-50.8066 20.4633 
-50.8065 20.4702 
-50.8065 20.4772 
-50.8064 20.4841 
-50.8064 20.4912 
-50.8063 20.4982 
-50.8063 20.5052 
-50.8062 20.5123 
-50.8062 20.5194 
-50.8061 20.5265 
-50.8061 20.5337 
-50.806 20.5409 
-50.806 20.5481 
-50.8059 20.5553 
-50.8059 20.5626 
-50.8058 20.5699 
-50.8058 20.5772 
-50.8057 20.5845 
-50.8057 20.5919 
-50.8056 20.5992 
-50.8056 20.6067 
-50.8055 20.6141 
-50.8055 20.6216 
-50.8054 20.6291 
-50.8054 20.6366 
-50.8053 20.6441 
-50.8053 20.6517 
-50.8052 20.6593 
-50.8052 20.6669 
-50.8051 20.6746 
-50.8051 20.6823 
-50.805 20.69 
-50.805 20.6977 
-50.8049 20.7055 
-50.8049 20.7133 
-50.8048 20.7211 
-50.8048 20.729 
-50.8047 20.7369 
-50.8046 20.7448 
-50.8046 20.7527 
-50.8045 20.7607 
-50.8045 20.7687 
-50.8044 20.7767 
-50.8044 20.7847 
-50.8043 20.7928 
-50.8043 20.8009 
-50.8042 20.8091 
-50.8042 20.8172 
-50.8041 20.8254 
-50.8041 20.8337 
-50.804 20.8419 
-50.8039 20.8502 
-50.8039 20.8585 
-50.8038 20.8669 
-50.8038 20.8752 
-50.8037 20.8836 
-50.8037 20.8921 
-50.8036 20.9005 
-50.8035 20.909 
-50.8035 20.9176 
-50.8034 20.9261 
-50.8034 20.9347 
-50.8033 20.9433 
-50.8032 20.952 
-50.8032 20.9606 
-50.8031 20.9694 
-50.8031 20.9781 
-50.803 20.9869 
-50.803 20.9957 
-50.8029 21.0045 
-50.8028 21.0134 
-50.8028 21.0223 
-50.8027 21.0312 
-50.8027 21.0402 
-50.8026 21.0492 
-50.8025 21.0582 
-50.8025 21.0673 
-50.8024 21.0764 
-50.8023 21.0855 
-50.8023 21.0946 
-50.8022 21.1038 
-50.8022 21.1131 
-50.8021 21.1223 
-50.802 21.1316 
-50.802 21.1409 
-50.8019 21.1503 
-50.8018 21.1597 
-50.8018 21.1691 
-50.8017 21.1786 
-50.8017 21.1881 
-50.8016 21.1976 
-50.8015 21.2071 
-50.8015 21.2167 
-50.8014 21.2264 
-50.8013 21.236 
-50.8013 21.2457 
-50.8012 21.2555 
-50.8011 21.2652 
-50.8011 21.275 
-50.801 21.2849 
-50.8009 21.2948 
-50.8009 21.3047 
-50.8008 21.3146 
-50.8007 21.3246 
-50.8007 21.3346 
-50.8006 21.3447 
-50.8005 21.3548 
-50.8005 21.3649 
-50.8004 21.375 
-50.8003 21.3852 
-50.8003 21.3955 
-50.8002 21.4057 
-50.8001 21.4161 
-50.8001 21.4264 
-50.8 21.4368 
-50.7999 21.4472 
-50.7998 21.4577 
-50.7998 21.4682 
-50.7997 21.4787 
-50.7996 21.4893 
-50.7996 21.4999 
-50.7995 21.5105 
-50.7994 21.5212 
-50.7993 21.5319 
-50.7993 21.5427 
-50.7992 21.5535 
-50.7991 21.5643 
-50.7991 21.5752 
-50.799 21.5861 
-50.7989 21.5971 
-50.7988 21.6081 
-50.7988 21.6191 
-50.7987 21.6302 
-50.7986 21.6413 
-50.7985 21.6525 
-50.7985 21.6637 
-50.7984 21.6749 
-50.7983 21.6862 
-50.7982 21.6975 
-50.7982 21.7088 
-50.7981 21.7202 
-50.798 21.7317 
-50.7979 21.7432 
-50.7978 21.7547 
-50.7978 21.7663 
-50.7977 21.7779 
-50.7976 21.7895 
-50.7975 21.8012 
-50.7975 21.8129 
-50.7974 21.8247 
-50.7973 21.8365 
-50.7972 21.8484 
-50.7971 21.8603 
-50.7971 21.8722 
-50.797 21.8842 
-50.7969 21.8962 
-50.7968 21.9083 
-50.7967 21.9204 
-50.7967 21.9326 
-50.7966 21.9448 
-50.7965 21.957 
-50.7964 21.9693 
-50.7963 21.9816 
-50.7962 21.994 
-50.7962 22.0064 
-50.7961 22.0189 
-50.796 22.0314 
-50.7959 22.044 
-50.7958 22.0566 
-50.7957 22.0692 
-50.7957 22.0819 
-50.7956 22.0947 
-50.7955 22.1075 
-50.7954 22.1203 
-50.7953 22.1332 
-50.7952 22.1461 
-50.7951 22.1591 
-50.7951 22.1721 
-50.795 22.1851 
-50.7949 22.1983 
-50.7948 22.2114 
-50.7947 22.2246 
-50.7946 22.2379 
-50.7945 22.2512 
-50.7944 22.2645 
-50.7943 22.2779 
-50.7943 22.2914 
-50.7942 22.3049 
-50.7941 22.3184 
-50.794 22.332 
-50.7939 22.3456 
-50.7938 22.3593 
-50.7937 22.3731 
-50.7936 22.3869 
-50.7935 22.4007 
-50.7934 22.4146 
-50.7933 22.4285 
-50.7932 22.4425 
-50.7932 22.4565 
-50.7931 22.4706 
-50.793 22.4848 
-50.7929 22.499 
-50.7928 22.5132 
-50.7927 22.5275 
-50.7926 22.5418 
-50.7925 22.5562 
-50.7924 22.5707 
-50.7923 22.5852 
-50.7922 22.5997 
-50.7921 22.6143 
-50.792 22.629 
-50.7919 22.6437 
-50.7918 22.6585 
-50.7917 22.6733 
-50.7916 22.6882 
-50.7915 22.7031 
-50.7914 22.7181 
-50.7913 22.7331 
-50.7912 22.7482 
-50.7911 22.7633 
-50.791 22.7785 
-50.7909 22.7938 
-50.7908 22.8091 
-50.7907 22.8244 
-50.7906 22.8398 
-50.7905 22.8553 
-50.7904 22.8708 
-50.7903 22.8864 
-50.7902 22.9021 
-50.7901 22.9177 
-50.79 22.9335 
-50.7899 22.9493 
-50.7898 22.9652 
-50.7897 22.9811 
-50.7896 22.9971 
-50.7894 23.0131 
-50.7893 23.0292 
-50.7892 23.0454 
-50.7891 23.0616 
-50.789 23.0778 
-50.7889 23.0942 
-50.7888 23.1106 
-50.7887 23.127 
-50.7886 23.1435 
-50.7885 23.1601 
-50.7884 23.1767 
-50.7882 23.1934 
-50.7881 23.2101 
-50.788 23.2269 
-50.7879 23.2438 
-50.7878 23.2607 
-50.7877 23.2777 
-50.7876 23.2948 
-50.7875 23.3119 
-50.7873 23.329 
-50.7872 23.3463 
-50.7871 23.3636 
-50.787 23.3809 
-50.7869 23.3984 
-50.7868 23.4158 
-50.7867 23.4334 
-50.7865 23.451 
-50.7864 23.4687 
-50.7863 23.4864 
-50.7862 23.5042 
-50.7861 23.5221 
-50.7859 23.54 
-50.7858 23.558 
-50.7857 23.5761 
-50.7856 23.5942 
-50.7855 23.6124 
-50.7853 23.6307 
-50.7852 23.649 
-50.7851 23.6674 
-50.785 23.6858 
-50.7849 23.7044 
-50.7847 23.7229 
-50.7846 23.7416 
-50.7845 23.7603 
-50.7844 23.7791 
-50.7842 23.798 
-50.7841 23.8169 
-50.784 23.8359 
-50.7839 23.855 
-50.7837 23.8741 
-50.7836 23.8933 
-50.7835 23.9126 
-50.7834 23.9319 
-50.7832 23.9513 
-50.7831 23.9708 
-50.783 23.9904 
-50.7828 24.01 
-50.7827 24.0297 
-50.7826 24.0495 
-50.7825 24.0693 
-50.7823 24.0892 
-50.7822 24.1092 
-50.7821 24.1292 
-50.7819 24.1494 
-50.7818 24.1696 
-50.7817 24.1898 
-50.7815 24.2102 
-50.7814 24.2306 
-50.7813 24.2511 
-50.7811 24.2717 
-50.781 24.2923 
-50.7808 24.313 
-50.7807 24.3338 
-50.7806 24.3547 
-50.7804 24.3756 
-50.7803 24.3966 
-50.7802 24.4177 
-50.78 24.4389 
-50.7799 24.4602 
-50.7797 24.4815 
-50.7796 24.5029 
-50.7795 24.5244 
-50.7793 24.5459 
-50.7792 24.5676 
-50.779 24.5893 
-50.7789 24.6111 
-50.7787 24.6329 
-50.7786 24.6549 
-50.7785 24.6769 
-50.7783 24.699 
-50.7782 24.7212 
-50.778 24.7435 
-50.7779 24.7658 
-50.7777 24.7882 
-50.7776 24.8108 
-50.7774 24.8334 
-50.7773 24.856 
-50.7771 24.8788 
-50.777 24.9016 
-50.7768 24.9246 
-50.7767 24.9476 
-50.7765 24.9706 
-50.7764 24.9938 
-50.7762 25.0171 
-50.7761 25.0404 
-50.7759 25.0638 
-50.7758 25.0874 
-50.7756 25.111 
-50.7755 25.1346 
-50.7753 25.1584 
-50.7751 25.1823 
-50.775 25.2062 
-50.7748 25.2302 
-50.7747 25.2543 
-50.7745 25.2785 
-50.7744 25.3028 
-50.7742 25.3272 
-50.774 25.3517 
-50.7739 25.3762 
-50.7737 25.4009 
-50.7736 25.4256 
-50.7734 25.4504 
-50.7732 25.4753 
-50.7731 25.5003 
-50.7729 25.5254 
-50.7727 25.5506 
-50.7726 25.5759 
-50.7724 25.6013 
-50.7722 25.6267 
-50.7721 25.6523 
-50.7719 25.6779 
-50.7717 25.7037 
-50.7716 25.7295 
-50.7714 25.7554 
-50.7712 25.7814 
-50.7711 25.8076 
-50.7709 25.8338 
-50.7707 25.8601 
-50.7705 25.8865 
-50.7704 25.913 
-50.7702 25.9396 
-50.77 25.9662 
-50.7699 25.993 
-50.7697 26.0199 
-50.7695 26.0469 
-50.7693 26.074 
-50.7691 26.1011 
-50.769 26.1284 
-50.7688 26.1558 
-50.7686 26.1833 
-50.7684 26.2108 
-50.7683 26.2385 
-50.7681 26.2663 
-50.7679 26.2942 
-50.7677 26.3221 
-50.7675 26.3502 
-50.7674 26.3784 
-50.7672 26.4067 
-50.767 26.4351 
-50.7668 26.4636 
-50.7666 26.4922 
-50.7664 26.5209 
-50.7662 26.5497 
-50.7661 26.5786 
-50.7659 26.6076 
-50.7657 26.6367 
-50.7655 26.6659 
-50.7653 26.6953 
-50.7651 26.7247 
-50.7649 26.7542 
-50.7647 26.7839 
-50.7645 26.8136 
-50.7643 26.8435 
-50.7641 26.8735 
-50.764 26.9036 
-50.7638 26.9338 
-50.7636 26.9641 
-50.7634 26.9945 
-50.7632 27.025 
-50.763 27.0557 
-50.7628 27.0864 
-50.7626 27.1173 
-50.7624 27.1482 
-50.7622 27.1793 
-50.762 27.2105 
-50.7618 27.2418 
-50.7616 27.2733 
-50.7614 27.3048 
-50.7612 27.3365 
-50.761 27.3682 
-50.7608 27.4001 
-50.7605 27.4321 
-50.7603 27.4642 
-50.7601 27.4965 
-50.7599 27.5288 
-50.7597 27.5613 
-50.7595 27.5939 
-50.7593 27.6266 
-50.7591 27.6594 
-50.7589 27.6924 
-50.7587 27.7255 
-50.7584 27.7587 
-50.7582 27.792 
-50.758 27.8254 
-50.7578 27.859 
-50.7576 27.8926 
-50.7574 27.9264 
-50.7572 27.9604 
-50.7569 27.9944 
-50.7567 28.0286 
-50.7565 28.0629 
-50.7563 28.0973 
-50.7561 28.1318 
-50.7558 28.1665 
-50.7556 28.2013 
-50.7554 28.2362 
-50.7552 28.2713 
-50.7549 28.3065 
-50.7547 28.3418 
-50.7545 28.3772 
-50.7543 28.4128 
-50.754 28.4485 
-50.7538 28.4843 
-50.7536 28.5203 
-50.7533 28.5564 
-50.7531 28.5926 
-50.7529 28.629 
-50.7526 28.6655 
-50.7524 28.7021 
-50.7522 28.7388 
-50.7519 28.7757 
-50.7517 28.8128 
-50.7515 28.8499 
-50.7512 28.8872 
-50.751 28.9247 
-50.7508 28.9622 
-50.7505 28.9999 
-50.7503 29.0378 
-50.75 29.0758 
-50.7498 29.1139 
-50.7495 29.1522 
-50.7493 29.1906 
-50.7491 29.2291 
-50.7488 29.2678 
-50.7486 29.3066 
-50.7483 29.3456 
-50.7481 29.3847 
-50.7478 29.424 
-50.7476 29.4634 
-50.7473 29.5029 
-50.7471 29.5426 
-50.7468 29.5824 
-50.7466 29.6224 
-50.7463 29.6625 
-50.7461 29.7028 
-50.7458 29.7432 
-50.7455 29.7838 
-50.7453 29.8245 
-50.745 29.8654 
-50.7448 29.9064 
-50.7445 29.9475 
-50.7442 29.9889 
-50.744 30.0303 
-50.7437 30.072 
-50.7435 30.1137 
-50.7432 30.1557 
-50.7429 30.1977 
-50.7427 30.24 
-50.7424 30.2824 
-50.7421 30.3249 
-50.7419 30.3676 
-50.7416 30.4105 
-50.7413 30.4535 
-50.741 30.4967 
-50.7408 30.54 
-50.7405 30.5835 
-50.7402 30.6271 
-50.7399 30.6709 
-50.7397 30.7149 
-50.7394 30.7591 
-50.7391 30.8034 
-50.7388 30.8478 
-50.7386 30.8924 
-50.7383 30.9372 
-50.738 30.9822 
-50.7377 31.0273 
-50.7374 31.0726 
-50.7371 31.118 
-50.7369 31.1636 
-50.7366 31.2094 
-50.7363 31.2554 
-50.736 31.3015 
-50.7357 31.3478 
-50.7354 31.3942 
-50.7351 31.4409 
-50.7348 31.4877 
-50.7345 31.5346 
-50.7342 31.5818 
-50.7339 31.6291 
-50.7336 31.6766 
-50.7333 31.7243 
-50.7331 31.7721 
-50.7328 31.8201 
-50.7325 31.8683 
-50.7322 31.9167 
-50.7318 31.9653 
-50.7315 32.014 
-50.7312 32.0629 
-50.7309 32.112 
-50.7306 32.1613 
-50.7303 32.2107 
-50.73 32.2604 
-50.7297 32.3102 
-50.7294 32.3602 
-50.7291 32.4104 
-50.7288 32.4608 
-50.7285 32.5113 
-50.7281 32.5621 
-50.7278 32.613 
-50.7275 32.6641 
-50.7272 32.7154 
-50.7269 32.7669 
-50.7265 32.8186 
-50.7262 32.8705 
-50.7259 32.9226 
-50.7256 32.9748 
-50.7253 33.0273 
-50.7249 33.0799 
-50.7246 33.1328 
-50.7243 33.1858 
-50.7239 33.239 
-50.7236 33.2925 
-50.7233 33.3461 
-50.723 33.3999 
-50.7226 33.4539 
-50.7223 33.5082 
-50.722 33.5626 
-50.7216 33.6172 
-50.7213 33.6721 
-50.7209 33.7271 
-50.7206 33.7823 
-50.7203 33.8377 
-50.7199 33.8934 
-50.7196 33.9492 
-50.7192 34.0053 
-50.7189 34.0616 
-50.7185 34.118 
-50.7182 34.1747 
-50.7178 34.2316 
-50.7175 34.2887 
-50.7171 34.346 
-50.7168 34.4035 
-50.7164 34.4613 
-50.7161 34.5192 
-50.7157 34.5774 
-50.7154 34.6358 
-50.715 34.6944 
-50.7146 34.7532 
-50.7143 34.8122 
-50.7139 34.8715 
-50.7136 34.9309 
-50.7132 34.9906 
-50.7128 35.0505 
-50.7125 35.1107 
-50.7121 35.171 
-50.7117 35.2316 
-50.7114 35.2924 
-50.711 35.3534 
-50.7106 35.4147 
-50.7102 35.4762 
-50.7099 35.5379 
-50.7095 35.5998 
-50.7091 35.662 
-50.7087 35.7244 
-50.7084 35.787 
-50.708 35.8499 
-50.7076 35.913 
-50.7072 35.9763 
-50.7068 36.0399 
-50.7064 36.1037 
-50.7061 36.1677 
-50.7057 36.232 
-50.7053 36.2965 
-50.7049 36.3613 
-50.7045 36.4263 
-50.7041 36.4915 
-50.7037 36.557 
-50.7033 36.6228 
-50.7029 36.6887 
-50.7025 36.7549 
-50.7021 36.8214 
-50.7017 36.8881 
-50.7013 36.9551 
-50.7009 37.0223 
-50.7005 37.0897 
-50.7001 37.1574 
-50.6997 37.2254 
-50.6993 37.2936 
-50.6989 37.3621 
-50.6984 37.4308 
-50.698 37.4998 
-50.6976 37.569 
-50.6972 37.6385 
-50.6968 37.7083 
-50.6964 37.7783 
-50.6959 37.8486 
-50.6955 37.9191 
-50.6951 37.9899 
-50.6947 38.061 
-50.6942 38.1323 
-50.6938 38.2039 
-50.6934 38.2757 
-50.693 38.3479 
-50.6925 38.4203 
-50.6921 38.4929 
-50.6917 38.5659 
-50.6912 38.6391 
-50.6908 38.7126 
-50.6903 38.7863 
-50.6899 38.8604 
-50.6895 38.9347 
-50.689 39.0093 
-50.6886 39.0841 
-50.6881 39.1593 
-50.6877 39.2347 
-50.6872 39.3104 
-50.6868 39.3864 
-50.6863 39.4627 
-50.6859 39.5393 
-50.6854 39.6161 
-50.685 39.6932 
-50.6845 39.7707 
-50.6841 39.8484 
-50.6836 39.9264 
-50.6831 40.0047 
-50.6827 40.0833 
-50.6822 40.1622 
-50.6817 40.2414 
-50.6813 40.3208 
-50.6808 40.4006 
-50.6803 40.4807 
-50.6799 40.5611 
-50.6794 40.6417 
-50.6789 40.7227 
-50.6784 40.804 
-50.678 40.8856 
-50.6775 40.9675 
-50.677 41.0497 
-50.6765 41.1322 
-50.676 41.215 
-50.6755 41.2981 
-50.6751 41.3816 
-50.6746 41.4653 
-50.6741 41.5494 
-50.6736 41.6338 
-50.6731 41.7185 
-50.6726 41.8035 
-50.6721 41.8888 
-50.6716 41.9745 
-50.6711 42.0605 
-50.6706 42.1468 
-50.6701 42.2334 
-50.6696 42.3203 
-50.6691 42.4076 
-50.6686 42.4952 
-50.6681 42.5832 
-50.6676 42.6714 
-50.667 42.76 
-50.6665 42.849 
-50.666 42.9382 
-50.6655 43.0278 
-50.665 43.1178 
-50.6645 43.2081 
-50.6639 43.2987 
-50.6634 43.3897 
-50.6629 43.481 
-50.6624 43.5726 
-50.6618 43.6646 
-50.6613 43.7569 
-50.6608 43.8496 
-50.6602 43.9427 
-50.6597 44.0361 
-50.6592 44.1298 
-50.6586 44.2239 
-50.6581 44.3183 
-50.6575 44.4132 
-50.657 44.5083 
-50.6564 44.6038 
-50.6559 44.6997 
-50.6553 44.796 
-50.6548 44.8926 
-50.6542 44.9896 
-50.6537 45.0869 
-50.6531 45.1846 
-50.6526 45.2827 
-50.652 45.3811 
-50.6514 45.48 
-50.6509 45.5792 
-50.6503 45.6787 
-50.6497 45.7787 
-50.6492 45.879 
-50.6486 45.9797 
-50.648 46.0808 
-50.6475 46.1823 
-50.6469 46.2841 
-50.6463 46.3864 
-50.6457 46.489 
-50.6451 46.592 
-50.6446 46.6954 
-50.644 46.7992 
-50.6434 46.9034 
-50.6428 47.008 
-50.6422 47.113 
-50.6416 47.2183 
-50.641 47.3241 
-50.6404 47.4303 
-50.6398 47.5369 
-50.6392 47.6439 
-50.6386 47.7513 
-50.638 47.8591 
-50.6374 47.9673 
-50.6368 48.0759 
-50.6362 48.1849 
-50.6356 48.2944 
-50.635 48.4043 
-50.6344 48.5145 
-50.6337 48.6252 
-50.6331 48.7364 
-50.6325 48.8479 
-50.6319 48.9599 
-50.6312 49.0723 
-50.6306 49.1851 
-50.63 49.2984 
-50.6294 49.412 
-50.6287 49.5262 
-50.6281 49.6407 
-50.6275 49.7557 
-50.6268 49.8711 
-50.6262 49.987 
-50.6255 50.1033 
-50.6249 50.2201 
-50.6242 50.3373 
-50.6236 50.4549 
-50.623 50.573 
-50.6223 50.6915 
-50.6216 50.8105 
-50.621 50.93 
-50.6203 51.0499 
-50.6197 51.1702 
-50.619 51.2911 
-50.6183 51.4123 
-50.6177 51.5341 
-50.617 51.6563 
-50.6163 51.779 
-50.6157 51.9021 
-50.615 52.0258 
-50.6143 52.1498 
-50.6136 52.2744 
-50.613 52.3995 
-50.6123 52.525 
-50.6116 52.651 
-50.6109 52.7775 
-50.6102 52.9044 
-50.6095 53.0319 
-50.6088 53.1598 
-50.6081 53.2883 
-50.6074 53.4172 
-50.6067 53.5466 
-50.606 53.6765 
-50.6053 53.8069 
-50.6046 53.9378 
-50.6039 54.0693 
-50.6032 54.2012 
-50.6025 54.3336 
-50.6018 54.4665 
-50.6011 54.6 
-50.6003 54.7339 
-50.5996 54.8684 
-50.5989 55.0034 
-50.5982 55.1389 
-50.5974 55.2749 
-50.5967 55.4115 
-50.596 55.5485 
-50.5953 55.6861 
-50.5945 55.8243 
-50.5938 55.9629 
-50.593 56.1021 
-50.5923 56.2419 
-50.5915 56.3821 
-50.5908 56.5229 
-50.59 56.6643 
-50.5893 56.8062 
-50.5885 56.9486 
-50.5878 57.0916 
-50.587 57.2352 
-50.5863 57.3792 
-50.5855 57.5239 
-50.5847 57.6691 
-50.584 57.8149 
-50.5832 57.9612 
-50.5824 58.1081 
-50.5817 58.2556 
-50.5809 58.4036 
-50.5801 58.5522 
-50.5793 58.7014 
-50.5785 58.8511 
-50.5778 59.0015 
-50.577 59.1524 
-50.5762 59.3039 
-50.5754 59.456 
-50.5746 59.6086 
-50.5738 59.7619 
-50.573 59.9157 
-50.5722 60.0702 
-50.5714 60.2253 
-50.5706 60.3809 
-50.5698 60.5371 
-50.5689 60.694 
-50.5681 60.8515 
-50.5673 61.0095 
-50.5665 61.1682 
-50.5657 61.3275 
-50.5649 61.4875 
-50.564 61.648 
-50.5632 61.8092 
-50.5624 61.971 
-50.5615 62.1334 
-50.5607 62.2964 
-50.5599 62.4601 
-50.559 62.6244 
-50.5582 62.7894 
-50.5573 62.955 
-50.5565 63.1212 
-50.5556 63.2881 
-50.5548 63.4556 
-50.5539 63.6238 
-50.5531 63.7927 
-50.5522 63.9622 
-50.5513 64.1323 
-50.5505 64.3031 
-50.5496 64.4746 
-50.5487 64.6468 
-50.5479 64.8196 
-50.547 64.9931 
-50.5461 65.1673 
-50.5452 65.3421 
-50.5443 65.5177 
-50.5435 65.6939 
-50.5426 65.8708 
-50.5417 66.0484 
-50.5408 66.2267 
-50.5399 66.4057 
-50.539 66.5854 
-50.5381 66.7657 
-50.5372 66.9468 
-50.5363 67.1286 
-50.5354 67.3112 
-50.5345 67.4944 
-50.5335 67.6783 
-50.5326 67.863 
-50.5317 68.0484 
-50.5308 68.2345 
-50.5299 68.4213 
-50.5289 68.6089 
-50.528 68.7972 
-50.5271 68.9862 
-50.5261 69.176 
-50.5252 69.3666 
-50.5243 69.5578 
-50.5233 69.7499 
-50.5224 69.9426 
-50.5214 70.1362 
-50.5205 70.3305 
-50.5195 70.5255 
-50.5186 70.7213 
-50.5176 70.9179 
-50.5166 71.1153 
-50.5157 71.3134 
-50.5147 71.5124 
-50.5137 71.7121 
-50.5128 71.9125 
-50.5118 72.1138 
-50.5108 72.3159 
-50.5098 72.5187 
-50.5088 72.7224 
-50.5079 72.9269 
-50.5069 73.1321 
-50.5059 73.3382 
-50.5049 73.5451 
-50.5039 73.7528 
-50.5029 73.9613 
-50.5019 74.1707 
-50.5009 74.3808 
-50.4999 74.5919 
-50.4988 74.8037 
-50.4978 75.0163 
-50.4968 75.2299 
-50.4958 75.4442 
-50.4948 75.6594 
-50.4937 75.8755 
-50.4927 76.0924 
-50.4917 76.3101 
-50.4907 76.5287 
-50.4896 76.7482 
-50.4886 76.9686 
-50.4875 77.1898 
-50.4865 77.4119 
-50.4854 77.6349 
-50.4844 77.8588 
-50.4833 78.0835 
-50.4823 78.3092 
-50.4812 78.5357 
-50.4801 78.7631 
-50.4791 78.9915 
-50.478 79.2207 
-50.4769 79.4509 
-50.4759 79.6819 
-50.4748 79.9139 
-50.4737 80.1468 
-50.4726 80.3807 
-50.4715 80.6154 
-50.4704 80.8511 
-50.4694 81.0877 
-50.4683 81.3253 
-50.4672 81.5638 
-50.4661 81.8033 
-50.465 82.0437 
-50.4639 82.2851 
-50.4627 82.5274 
-50.4616 82.7707 
-50.4605 83.015 
-50.4594 83.2603 
-50.4583 83.5065 
-50.4571 83.7537 
-50.456 84.0019 
-50.4549 84.251 
-50.4538 84.5012 
-50.4526 84.7524 
-50.4515 85.0046 
-50.4503 85.2578 
-50.4492 85.5119 
-50.448 85.7672 
-50.4469 86.0234 
-50.4457 86.2806 
-50.4446 86.5389 
-50.4434 86.7982 
-50.4422 87.0586 
-50.4411 87.32 
-50.4399 87.5824 
-50.4387 87.8459 
-50.4375 88.1105 
-50.4364 88.3761 
-50.4352 88.6428 
-50.434 88.9105 
-50.4328 89.1793 
-50.4316 89.4492 
-50.4304 89.7202 
-50.4292 89.9923 
-50.428 90.2654 
-50.4268 90.5397 
-50.4256 90.815 
-50.4244 91.0915 
-50.4232 91.3691 
-50.422 91.6478 
-50.4207 91.9276 
-50.4195 92.2085 
-50.4183 92.4906 
-50.4171 92.7738 
-50.4158 93.0581 
-50.4146 93.3436 
-50.4133 93.6302 
-50.4121 93.918 
-50.4109 94.207 
-50.4096 94.4971 
-50.4084 94.7884 
-50.4071 95.0809 
-50.4058 95.3745 
-50.4046 95.6693 
-50.4033 95.9653 
-50.402 96.2626 
-50.4008 96.561 
-50.3995 96.8606 
-50.3982 97.1614 
-50.3969 97.4635 
-50.3956 97.7667 
-50.3944 98.0712 
-50.3931 98.377 
-50.3918 98.6839 
-50.3905 98.9921 
-50.3892 99.3016 
-50.3879 99.6123 
-50.3866 99.9243 
-50.3852 100.237 
-50.3839 100.552 
-50.3826 100.868 
-50.3813 101.185 
-50.38 101.503 
-50.3786 101.823 
-50.3773 102.144 
-50.376 102.466 
-50.3746 102.79 
-50.3733 103.114 
-50.3719 103.441 
-50.3706 103.768 
-50.3692 104.097 
-50.3679 104.427 
-50.3665 104.759 
-50.3652 105.092 
-50.3638 105.426 
-50.3624 105.761 
-50.3611 106.098 
-50.3597 106.437 
-50.3583 106.776 
-50.3569 107.117 
-50.3555 107.46 
-50.3541 107.804 
-50.3527 108.149 
-50.3514 108.496 
-50.35 108.844 
-50.3485 109.193 
-50.3471 109.544 
-50.3457 109.897 
-50.3443 110.251 
-50.3429 110.606 
-50.3415 110.963 
-50.3401 111.321 
-50.3386 111.681 
-50.3372 112.042 
-50.3358 112.404 
-50.3343 112.768 
-50.3329 113.134 
-50.3314 113.501 
-50.33 113.87 
-50.3285 114.24 
-50.3271 114.611 
-50.3256 114.985 
-50.3242 115.359 
-50.3227 115.736 
-50.3212 116.113 
-50.3198 116.493 
-50.3183 116.873 
-50.3168 117.256 
-50.3153 117.64 
-50.3138 118.026 
-50.3123 118.413 
-50.3109 118.802 
-50.3094 119.192 
-50.3079 119.584 
-50.3064 119.978 
-50.3048 120.373 
-50.3033 120.77 
-50.3018 121.168 
-50.3003 121.568 
-50.2988 121.97 
-50.2973 122.373 
-50.2957 122.779 
-50.2942 123.185 
-50.2927 123.594 
-50.2911 124.004 
-50.2896 124.416 
-50.288 124.829 
-50.2865 125.245 
-50.2849 125.662 
-50.2834 126.08 
-50.2818 126.501 
-50.2802 126.923 
-50.2787 127.347 
-50.2771 127.773 
-50.2755 128.2 
-50.2739 128.629 
-50.2724 129.06 
-50.2708 129.493 
-50.2692 129.928 
-50.2676 130.364 
-50.266 130.802 
-50.2644 131.242 
-50.2628 131.684 
-50.2612 132.128 
-50.2596 132.573 
-50.2579 133.021 
-50.2563 133.47 
-50.2547 133.921 
-50.2531 134.374 
-50.2514 134.829 
-50.2498 135.286 
-50.2482 135.744 
-50.2465 136.205 
-50.2449 136.668 
-50.2432 137.132 
-50.2416 137.598 
-50.2399 138.067 
-50.2383 138.537 
-50.2366 139.009 
-50.2349 139.483 
-50.2333 139.96 
-50.2316 140.438 
-50.2299 140.918 
-50.2282 141.4 
-50.2265 141.884 
-50.2248 142.371 
-50.2232 142.859 
-50.2215 143.349 
-50.2198 143.841 
-50.2181 144.336 
-50.2163 144.832 
-50.2146 145.331 
-50.2129 145.832 
-50.2112 146.334 
-50.2095 146.839 
-50.2077 147.346 
-50.206 147.855 
-50.2043 148.367 
-50.2025 148.88 
-50.2008 149.396 
-50.1991 149.913 
-50.1973 150.433 
-50.1956 150.955 
-50.1938 151.479 
-50.192 152.006 
-50.1903 152.535 
-50.1885 153.066 
-50.1867 153.599 
-50.185 154.134 
-50.1832 154.672 
-50.1814 155.212 
-50.1796 155.754 
-50.1778 156.298 
-50.176 156.845 
-50.1742 157.394 
-50.1724 157.946 
-50.1706 158.499 
-50.1688 159.056 
-50.167 159.614 
-50.1652 160.175 
-50.1633 160.738 
-50.1615 161.303 
-50.1597 161.871 
-50.1579 162.442 
-50.156 163.014 
-50.1542 163.59 
-50.1523 164.167 
-50.1505 164.747 
-50.1486 165.33 
-50.1468 165.915 
-50.1449 166.502 
-50.1431 167.092 
-50.1412 167.685 
-50.1393 168.28 
-50.1375 168.877 
-50.1356 169.477 
-50.1337 170.08 
-50.1318 170.685 
-50.1299 171.293 
-50.128 171.903 
-50.1261 172.516 
-50.1242 173.131 
-50.1223 173.749 
-50.1204 174.37 
-50.1185 174.994 
-50.1166 175.62 
-50.1147 176.248 
-50.1127 176.88 
-50.1108 177.514 
-50.1089 178.151 
-50.1069 178.79 
-50.105 179.432 
-50.1031 180.077 
-50.1011 180.725 
-50.0992 181.375 
-50.0972 182.029 
-50.0952 182.685 
-50.0933 183.344 
-50.0913 184.005 
-50.0893 184.67 
-50.0874 185.337 
-50.0854 186.007 
-50.0834 186.68 
-50.0814 187.356 
-50.0794 188.035 
-50.0774 188.717 
-50.0754 189.402 
-50.0734 190.089 
-50.0714 190.78 
-50.0694 191.473 
-50.0674 192.17 
-50.0654 192.869 
-50.0634 193.572 
-50.0613 194.277 
-50.0593 194.986 
-50.0573 195.697 
-50.0553 196.412 
-50.0532 197.13 
-50.0512 197.851 
-50.0491 198.574 
-50.0471 199.301 
-50.045 200.032 
-50.043 200.765 
-50.0409 201.501 
-50.0388 202.241 
-50.0368 202.984 
-50.0347 203.73 
-50.0326 204.479 
-50.0305 205.231 
-50.0284 205.987 
-50.0263 206.746 
-50.0242 207.508 
-50.0221 208.274 
-50.02 209.042 
-50.0179 209.815 
-50.0158 210.59 
-50.0137 211.369 
-50.0116 212.151 
-50.0095 212.937 
-50.0074 213.726 
-50.0052 214.518 
-50.0031 215.314 
-50.001 216.113 
-49.9988 216.916 
-49.9967 217.722 
-49.9945 218.532 
-49.9924 219.345 
-49.9902 220.162 
-49.9881 220.982 
-49.9859 221.806 
-49.9837 222.633 
-49.9816 223.464 
-49.9794 224.299 
-49.9772 225.137 
-49.975 225.979 
-49.9728 226.824 
-49.9706 227.673 
-49.9684 228.526 
-49.9662 229.383 
-49.964 230.243 
-49.9618 231.107 
-49.9596 231.975 
-49.9574 232.847 
-49.9552 233.722 
-49.953 234.601 
-49.9508 235.484 
-49.9485 236.371 
-49.9463 237.262 
-49.9441 238.157 
-49.9418 239.055 
-49.9396 239.958 
-49.9373 240.864 
-49.9351 241.774 
-49.9328 242.689 
-49.9306 243.607 
-49.9283 244.529 
-49.926 245.456 
-49.9237 246.386 
-49.9215 247.321 
-49.9192 248.259 
-49.9169 249.202 
-49.9146 250.149 
-49.9123 251.1 
-49.91 252.055 
-49.9077 253.014 
-49.9054 253.978 
-49.9031 254.945 
-49.9008 255.917 
-49.8985 256.894 
-49.8962 257.874 
-49.8939 258.859 
-49.8916 259.848 
-49.8892 260.841 
-49.8869 261.839 
-49.8846 262.841 
-49.8822 263.848 
-49.8799 264.859 
-49.8775 265.875 
-49.8752 266.895 
-49.8728 267.919 
-49.8705 268.948 
-49.8681 269.981 
-49.8657 271.019 
-49.8634 272.062 
-49.861 273.109 
-49.8586 274.161 
-49.8562 275.217 
-49.8538 276.278 
-49.8514 277.344 
-49.8491 278.415 
-49.8467 279.49 
-49.8443 280.57 
-49.8419 281.654 
-49.8394 282.744 
-49.837 283.838 
-49.8346 284.937 
-49.8322 286.041 
-49.8298 287.15 
-49.8273 288.264 
-49.8249 289.383 
-49.8225 290.506 
-49.82 291.635 
-49.8176 292.768 
-49.8152 293.907 
-49.8127 295.05 
-49.8103 296.199 
-49.8078 297.353 
-49.8053 298.512 
-49.8029 299.676 
-49.8004 300.845 
-49.7979 302.019 
-49.7955 303.199 
-49.793 304.384 
-49.7905 305.574 
-49.788 306.769 
-49.7855 307.97 
-49.783 309.176 
-49.7805 310.387 
-49.778 311.604 
-49.7755 312.826 
-49.773 314.053 
-49.7705 315.286 
-49.768 316.525 
-49.7655 317.769 
-49.7629 319.018 
-49.7604 320.274 
-49.7579 321.534 
-49.7553 322.8 
-49.7528 324.072 
-49.7503 325.35 
-49.7477 326.633 
-49.7452 327.922 
-49.7426 329.217 
-49.7401 330.517 
-49.7375 331.824 
-49.7349 333.136 
-49.7324 334.454 
-49.7298 335.778 
-49.7272 337.108 
-49.7246 338.443 
-49.7221 339.785 
-49.7195 341.133 
-49.7169 342.486 
-49.7143 343.846 
-49.7117 345.212 
-49.7091 346.584 
-49.7065 347.962 
-49.7039 349.346 
-49.7013 350.736 
-49.6987 352.133 
-49.696 353.536 
-49.6934 354.945 
-49.6908 356.361 
-49.6882 357.783 
-49.6855 359.211 
-49.6829 360.645 
-49.6802 362.086 
-49.6776 363.534 
-49.675 364.988 
-49.6723 366.448 
-49.6697 367.915 
-49.667 369.389 
-49.6643 370.869 
-49.6617 372.356 
-49.659 373.85 
-49.6563 375.35 
-49.6537 376.857 
-49.651 378.371 
-49.6483 379.891 
-49.6456 381.419 
-49.6429 382.953 
-49.6402 384.494 
-49.6375 386.042 
-49.6348 387.598 
-49.6321 389.16 
-49.6294 390.729 
-49.6267 392.305 
-49.624 393.888 
-49.6213 395.479 
-49.6185 397.076 
-49.6158 398.681 
-49.6131 400.293 
-49.6104 401.912 
-49.6076 403.539 
-49.6049 405.173 
-49.6021 406.814 
-49.5994 408.463 
-49.5967 410.119 
-49.5939 411.783 
-49.5911 413.454 
-49.5884 415.133 
-49.5856 416.819 
-49.5829 418.513 
-49.5801 420.214 
-49.5773 421.924 
-49.5745 423.641 
-49.5718 425.365 
-49.569 427.098 
-49.5662 428.838 
-49.5634 430.587 
-49.5606 432.343 
-49.5578 434.107 
-49.555 435.879 
-49.5522 437.659 
-49.5494 439.447 
-49.5466 441.244 
-49.5438 443.048 
-49.541 444.861 
-49.5381 446.682 
-49.5353 448.511 
-49.5325 450.348 
-49.5297 452.194 
-49.5268 454.048 
-49.524 455.911 
-49.5211 457.782 
-49.5183 459.661 
-49.5154 461.549 
-49.5126 463.446 
-49.5097 465.351 
-49.5069 467.265 
-49.504 469.187 
-49.5012 471.119 
-49.4983 473.059 
-49.4954 475.008 
-49.4925 476.965 
-49.4897 478.932 
-49.4868 480.908 
-49.4839 482.892 
-49.481 484.886 
-49.4781 486.889 
-49.4752 488.901 
-49.4723 490.922 
-49.4694 492.952 
-49.4665 494.991 
-49.4636 497.04 
-49.4607 499.098 
-49.4578 501.166 
-49.4549 503.243 
-49.452 505.329 
-49.4491 507.425 
-49.4461 509.531 
-49.4432 511.646 
-49.4403 513.77 
-49.4373 515.905 
-49.4344 518.049 
-49.4314 520.203 
-49.4285 522.367 
-49.4256 524.541 
-49.4226 526.724 
-49.4197 528.918 
-49.4167 531.122 
-49.4137 533.335 
-49.4108 535.559 
-49.4078 537.793 
-49.4048 540.037 
-49.4019 542.292 
-49.3989 544.557 
-49.3959 546.832 
-49.3929 549.118 
-49.3899 551.414 
-49.3869 553.72 
-49.384 556.038 
-49.381 558.365 
-49.378 560.704 
-49.375 563.053 
-49.372 565.413 
-49.3689 567.784 
-49.3659 570.166 
-49.3629 572.558 
-49.3599 574.962 
-49.3569 577.376 
-49.3539 579.802 
-49.3508 582.239 
-49.3478 584.687 
-49.3448 587.146 
-49.3417 589.616 
-49.3387 592.098 
-49.3357 594.592 
-49.3326 597.096 
-49.3296 599.613 
-49.3265 602.14 
-49.3235 604.68 
-49.3204 607.231 
-49.3174 609.794 
-49.3143 612.368 
-49.3112 614.955 
-49.3082 617.553 
-49.3051 620.164 
-49.302 622.786 
-49.2989 625.42 
-49.2959 628.067 
-49.2928 630.726 
-49.2897 633.397 
-49.2866 636.08 
-49.2835 638.775 
-49.2804 641.484 
-49.2773 644.204 
-49.2742 646.937 
-49.2711 649.683 
-49.268 652.441 
-49.2649 655.212 
-49.2618 657.996 
-49.2587 660.793 
-49.2556 663.602 
-49.2524 666.425 
-49.2493 669.261 
-49.2462 672.109 
-49.2431 674.971 
-49.2399 677.846 
-49.2368 680.734 
-49.2337 683.636 
-49.2305 686.551 
-49.2274 689.48 
-49.2242 692.422 
-49.2211 695.378 
-49.2179 698.347 
-49.2148 701.33 
-49.2116 704.327 
-49.2085 707.338 
-49.2053 710.362 
-49.2021 713.401 
-49.199 716.454 
-49.1958 719.521 
-49.1926 722.602 
-49.1895 725.697 
-49.1863 728.807 
-49.1831 731.931 
-49.1799 735.069 
-49.1767 738.222 
-49.1735 741.39 
-49.1703 744.572 
-49.1671 747.769 
-49.1639 750.981 
-49.1607 754.208 
-49.1575 757.45 
-49.1543 760.706 
-49.1511 763.978 
-49.1479 767.265 
-49.1447 770.568 
-49.1415 773.885 
-49.1383 777.218 
-49.135 780.567 
-49.1318 783.931 
-49.1286 787.311 
-49.1254 790.706 
-49.1221 794.117 
-49.1189 797.544 
-49.1157 800.987 
-49.1124 804.446 
-49.1092 807.921 
-49.1059 811.412 
-49.1027 814.919 
-49.0994 818.443 
-49.0962 821.983 
-49.0929 825.539 
-49.0897 829.112 
-49.0864 832.702 
-49.0831 836.308 
-49.0799 839.931 
-49.0766 843.571 
-49.0733 847.228 
-49.07 850.902 
-49.0668 854.593 
-49.0635 858.301 
-49.0602 862.027 
-49.0569 865.77 
-49.0536 869.53 
-49.0504 873.307 
-49.0471 877.103 
-49.0438 880.916 
-49.0405 884.747 
-49.0372 888.595 
-49.0339 892.462 
-49.0306 896.347 
-49.0273 900.249 
-49.0239 904.17 
-49.0206 908.109 
-49.0173 912.067 
-49.014 916.043 
-49.0107 920.038 
-49.0074 924.051 
-49.004 928.083 
-49.0007 932.134 
-48.9974 936.203 
-48.9941 940.292 
-48.9907 944.4 
-48.9874 948.527 
-48.9841 952.673 
-48.9807 956.839 
-48.9774 961.024 
-48.974 965.228 
-48.9707 969.452 
-48.9673 973.696 
-48.964 977.96 
-48.9606 982.244 
-48.9573 986.548 
-48.9539 990.872 
-48.9505 995.216 
-48.9472 999.58 
-48.9438 1003.96 
-48.9404 1008.37 
-48.9371 1012.8 
-48.9337 1017.24 
-48.9303 1021.71 
-48.9269 1026.2 
-48.9236 1030.71 
-48.9202 1035.24 
-48.9168 1039.79 
-48.9134 1044.36 
-48.91 1048.96 
-48.9066 1053.57 
-48.9032 1058.21 
-48.8998 1062.87 
-48.8964 1067.55 
-48.893 1072.25 
-48.8896 1076.98 
-48.8862 1081.73 
-48.8828 1086.5 
-48.8794 1091.29 
-48.876 1096.1 
-48.8726 1100.94 
-48.8692 1105.8 
-48.8658 1110.68 
-48.8623 1115.59 
-48.8589 1120.51 
-48.8555 1125.46 
-48.8521 1130.44 
-48.8486 1135.44 
-48.8452 1140.46 
-48.8418 1145.5 
-48.8383 1150.57 
-48.8349 1155.66 
-48.8314 1160.78 
-48.828 1165.92 
-48.8246 1171.09 
-48.8211 1176.27 
-48.8177 1181.49 
-48.8142 1186.72 
-48.8108 1191.99 
-48.8073 1197.27 
-48.8039 1202.58 
-48.8004 1207.92 
-48.7969 1213.28 
-48.7935 1218.67 
-48.79 1224.08 
-48.7865 1229.52 
-48.7831 1234.98 
-48.7796 1240.47 
-48.7761 1245.99 
-48.7726 1251.53 
-48.7692 1257.09 
-48.7657 1262.69 
-48.7622 1268.31 
-48.7587 1273.95 
-48.7552 1279.62 
-48.7518 1285.32 
-48.7483 1291.05 
-48.7448 1296.8 
-48.7413 1302.58 
-48.7378 1308.39 
-48.7343 1314.22 
-48.7308 1320.08 
-48.7273 1325.97 
-48.7238 1331.89 
-48.7203 1337.83 
-48.7168 1343.81 
-48.7133 1349.81 
-48.7097 1355.84 
-48.7062 1361.9 
-48.7027 1367.98 
