-50.222 41.5009 
-50.2209 41.5027 
-50.22 41.5044 
-50.2191 41.5059 
-50.2183 41.5072 
-50.2177 41.5084 
-50.217 41.5095 
-50.2165 41.5105 
-50.216 41.5114 
-50.2156 41.5123 
-50.2152 41.513 
-50.2148 41.5137 
-50.2145 41.5143 
-50.2142 41.5148 
-50.214 41.5154 
-50.2138 41.5158 
-50.2136 41.5162 
-50.2134 41.5166 
-50.2132 41.517 
-50.2131 41.5173 
-50.213 41.5177 
-50.2128 41.5179 
-50.2127 41.5182 
-50.2127 41.5185 
-50.2126 41.5187 
-50.2125 41.5189 
-50.2124 41.5191 
-50.2124 41.5194 
-50.2123 41.5195 
-50.2123 41.5197 
-50.2122 41.5199 
-50.2122 41.5201 
-50.2122 41.5202 
-50.2121 41.5204 
-50.2121 41.5205 
-50.2121 41.5207 
-50.2121 41.5208 
-50.212 41.521 
-50.212 41.5211 
-50.212 41.5213 
-50.212 41.5214 
-50.212 41.5215 
-50.212 41.5217 
-50.212 41.5218 
-50.2119 41.5219 
-50.2119 41.5221 
-50.2119 41.5222 
-50.2119 41.5223 
-50.2119 41.5224 
-50.2119 41.5226 
-50.2119 41.5227 
-50.2119 41.5228 
-50.2119 41.5229 
-50.2119 41.5231 
-50.2119 41.5232 
-50.2119 41.5233 
-50.2119 41.5234 
-50.2119 41.5236 
-50.2119 41.5237 
-50.2119 41.5238 
-50.2119 41.5239 
-50.2119 41.5241 
-50.2119 41.5242 
-50.2119 41.5243 
-50.2119 41.5244 
-50.2119 41.5246 
-50.2119 41.5247 
-50.2119 41.5248 
-50.2119 41.5249 
-50.2119 41.5251 
-50.2119 41.5252 
-50.2119 41.5253 
-50.2119 41.5255 
-50.2119 41.5256 
-50.2119 41.5257 
-50.2119 41.5259 
-50.2119 41.526 
-50.2119 41.5261 
-50.2119 41.5263 
-50.2119 41.5264 
-50.2119 41.5265 
-50.2119 41.5267 
-50.2119 41.5268 
-50.2119 41.5269 
-50.2119 41.5271 
-50.2119 41.5272 
-50.2119 41.5273 
-50.2119 41.5275 
-50.2119 41.5276 
-50.2119 41.5278 
-50.2119 41.5279 
-50.2119 41.528 
-50.2119 41.5282 
-50.2119 41.5283 
-50.2119 41.5285 
-50.2119 41.5286 
-50.2119 41.5287 
-50.2119 41.5289 
-50.2119 41.529 
-50.2119 41.5292 
-50.2119 41.5293 
-50.2119 41.5295 
-50.2119 41.5296 
-50.2119 41.5298 
-50.2119 41.5299 
-50.2118 41.5301 
-50.2118 41.5302 
-50.2118 41.5304 
-50.2118 41.5305 
-50.2118 41.5307 
-50.2118 41.5308 
-50.2118 41.531 
-50.2118 41.5311 
-50.2118 41.5313 
-50.2118 41.5314 
-50.2118 41.5316 
-50.2118 41.5317 
-50.2118 41.5319 
-50.2118 41.5321 
-50.2118 41.5322 
-50.2118 41.5324 
-50.2118 41.5325 
-50.2118 41.5327 
-50.2118 41.5328 
-50.2118 41.533 
-50.2118 41.5332 
-50.2118 41.5333 
-50.2118 41.5335 
-50.2118 41.5337 
-50.2118 41.5338 
-50.2118 41.534 
-50.2118 41.5342 
-50.2118 41.5343 
-50.2118 41.5345 
-50.2118 41.5347 
-50.2118 41.5348 
-50.2118 41.535 
-50.2118 41.5352 
-50.2118 41.5353 
-50.2118 41.5355 
-50.2118 41.5357 
-50.2118 41.5359 
-50.2118 41.536 
-50.2118 41.5362 
-50.2118 41.5364 
-50.2118 41.5365 
-50.2118 41.5367 
-50.2118 41.5369 
-50.2118 41.5371 
-50.2118 41.5373 
-50.2118 41.5374 
-50.2118 41.5376 
-50.2118 41.5378 
-50.2118 41.538 
-50.2118 41.5382 
-50.2118 41.5383 
-50.2118 41.5385 
-50.2118 41.5387 
-50.2118 41.5389 
-50.2118 41.5391 
-50.2118 41.5393 
-50.2118 41.5395 
-50.2118 41.5397 
-50.2118 41.5398 
-50.2118 41.54 
-50.2118 41.5402 
-50.2118 41.5404 
-50.2118 41.5406 
-50.2118 41.5408 
-50.2118 41.541 
-50.2118 41.5412 
-50.2118 41.5414 
-50.2118 41.5416 
-50.2118 41.5418 
-50.2118 41.542 
-50.2118 41.5422 
-50.2118 41.5424 
-50.2118 41.5426 
-50.2118 41.5428 
-50.2118 41.543 
-50.2118 41.5432 
-50.2118 41.5434 
-50.2118 41.5436 
-50.2118 41.5438 
-50.2118 41.544 
-50.2118 41.5442 
-50.2118 41.5444 
-50.2118 41.5446 
-50.2118 41.5449 
-50.2118 41.5451 
-50.2118 41.5453 
-50.2118 41.5455 
-50.2118 41.5457 
-50.2118 41.5459 
-50.2118 41.5461 
-50.2118 41.5464 
-50.2118 41.5466 
-50.2118 41.5468 
-50.2118 41.547 
-50.2118 41.5472 
-50.2118 41.5475 
-50.2118 41.5477 
-50.2118 41.5479 
-50.2118 41.5481 
-50.2118 41.5483 
-50.2118 41.5486 
-50.2118 41.5488 
-50.2118 41.549 
-50.2118 41.5493 
-50.2118 41.5495 
-50.2118 41.5497 
-50.2118 41.5499 
-50.2118 41.5502 
-50.2118 41.5504 
-50.2118 41.5507 
-50.2118 41.5509 
-50.2118 41.5511 
-50.2118 41.5514 
-50.2118 41.5516 
-50.2118 41.5518 
-50.2118 41.5521 
-50.2118 41.5523 
-50.2118 41.5526 
-50.2118 41.5528 
-50.2118 41.5531 
-50.2118 41.5533 
-50.2118 41.5535 
-50.2118 41.5538 
-50.2118 41.554 
-50.2118 41.5543 
-50.2118 41.5545 
-50.2118 41.5548 
-50.2118 41.5551 
-50.2118 41.5553 
-50.2118 41.5556 
-50.2118 41.5558 
-50.2118 41.5561 
-50.2118 41.5563 
-50.2118 41.5566 
-50.2118 41.5569 
-50.2118 41.5571 
-50.2118 41.5574 
-50.2118 41.5576 
-50.2118 41.5579 
-50.2118 41.5582 
-50.2118 41.5584 
-50.2118 41.5587 
-50.2118 41.559 
-50.2118 41.5593 
-50.2118 41.5595 
-50.2118 41.5598 
-50.2118 41.5601 
-50.2118 41.5603 
-50.2117 41.5606 
-50.2117 41.5609 
-50.2117 41.5612 
-50.2117 41.5615 
-50.2117 41.5617 
-50.2117 41.562 
-50.2117 41.5623 
-50.2117 41.5626 
-50.2117 41.5629 
-50.2117 41.5632 
-50.2117 41.5635 
-50.2117 41.5637 
-50.2117 41.564 
-50.2117 41.5643 
-50.2117 41.5646 
-50.2117 41.5649 
-50.2117 41.5652 
-50.2117 41.5655 
-50.2117 41.5658 
-50.2117 41.5661 
-50.2117 41.5664 
-50.2117 41.5667 
-50.2117 41.567 
-50.2117 41.5673 
-50.2117 41.5676 
-50.2117 41.5679 
-50.2117 41.5682 
-50.2117 41.5686 
-50.2117 41.5689 
-50.2117 41.5692 
-50.2117 41.5695 
-50.2117 41.5698 
-50.2117 41.5701 
-50.2117 41.5704 
-50.2117 41.5708 
-50.2117 41.5711 
-50.2117 41.5714 
-50.2117 41.5717 
-50.2117 41.572 
-50.2117 41.5724 
-50.2117 41.5727 
-50.2117 41.573 
-50.2117 41.5734 
-50.2117 41.5737 
-50.2117 41.574 
-50.2117 41.5744 
-50.2117 41.5747 
-50.2117 41.575 
-50.2117 41.5754 
-50.2117 41.5757 
-50.2117 41.5761 
-50.2117 41.5764 
-50.2117 41.5767 
-50.2117 41.5771 
-50.2117 41.5774 
-50.2117 41.5778 
-50.2117 41.5781 
-50.2117 41.5785 
-50.2117 41.5788 
-50.2117 41.5792 
-50.2117 41.5795 
-50.2117 41.5799 
-50.2117 41.5803 
-50.2117 41.5806 
-50.2117 41.581 
-50.2117 41.5813 
-50.2117 41.5817 
-50.2117 41.5821 
-50.2117 41.5824 
-50.2117 41.5828 
-50.2117 41.5832 
-50.2117 41.5836 
-50.2117 41.5839 
-50.2117 41.5843 
-50.2117 41.5847 
-50.2117 41.5851 
-50.2117 41.5854 
-50.2117 41.5858 
-50.2117 41.5862 
-50.2117 41.5866 
-50.2117 41.587 
-50.2117 41.5874 
-50.2117 41.5878 
-50.2117 41.5882 
-50.2117 41.5886 
-50.2117 41.5889 
-50.2117 41.5893 
-50.2117 41.5897 
-50.2116 41.5901 
-50.2116 41.5905 
-50.2116 41.5909 
-50.2116 41.5914 
-50.2116 41.5918 
-50.2116 41.5922 
-50.2116 41.5926 
-50.2116 41.593 
-50.2116 41.5934 
-50.2116 41.5938 
-50.2116 41.5942 
-50.2116 41.5947 
-50.2116 41.5951 
-50.2116 41.5955 
-50.2116 41.5959 
-50.2116 41.5964 
-50.2116 41.5968 
-50.2116 41.5972 
-50.2116 41.5976 
-50.2116 41.5981 
-50.2116 41.5985 
-50.2116 41.5989 
-50.2116 41.5994 
-50.2116 41.5998 
-50.2116 41.6003 
-50.2116 41.6007 
-50.2116 41.6012 
-50.2116 41.6016 
-50.2116 41.6021 
-50.2116 41.6025 
-50.2116 41.603 
-50.2116 41.6034 
-50.2116 41.6039 
-50.2116 41.6043 
-50.2116 41.6048 
-50.2116 41.6053 
-50.2116 41.6057 
-50.2116 41.6062 
-50.2116 41.6067 
-50.2116 41.6071 
-50.2116 41.6076 
-50.2116 41.6081 
-50.2116 41.6086 
-50.2116 41.609 
-50.2116 41.6095 
-50.2116 41.61 
-50.2116 41.6105 
-50.2116 41.611 
-50.2116 41.6115 
-50.2116 41.612 
-50.2116 41.6125 
-50.2116 41.613 
-50.2116 41.6135 
-50.2116 41.614 
-50.2116 41.6145 
-50.2116 41.615 
-50.2116 41.6155 
-50.2116 41.616 
-50.2116 41.6165 
-50.2116 41.617 
-50.2116 41.6175 
-50.2116 41.618 
-50.2116 41.6185 
-50.2116 41.6191 
-50.2116 41.6196 
-50.2115 41.6201 
-50.2115 41.6206 
-50.2115 41.6212 
-50.2115 41.6217 
-50.2115 41.6222 
-50.2115 41.6228 
-50.2115 41.6233 
-50.2115 41.6239 
-50.2115 41.6244 
-50.2115 41.625 
-50.2115 41.6255 
-50.2115 41.6261 
-50.2115 41.6266 
-50.2115 41.6272 
-50.2115 41.6277 
-50.2115 41.6283 
-50.2115 41.6288 
-50.2115 41.6294 
-50.2115 41.63 
-50.2115 41.6305 
-50.2115 41.6311 
-50.2115 41.6317 
-50.2115 41.6323 
-50.2115 41.6328 
-50.2115 41.6334 
-50.2115 41.634 
-50.2115 41.6346 
-50.2115 41.6352 
-50.2115 41.6358 
-50.2115 41.6364 
-50.2115 41.637 
-50.2115 41.6376 
-50.2115 41.6382 
-50.2115 41.6388 
-50.2115 41.6394 
-50.2115 41.64 
-50.2115 41.6406 
-50.2115 41.6412 
-50.2115 41.6418 
-50.2115 41.6425 
-50.2115 41.6431 
-50.2115 41.6437 
-50.2115 41.6443 
-50.2115 41.645 
-50.2115 41.6456 
-50.2115 41.6462 
-50.2115 41.6469 
-50.2115 41.6475 
-50.2115 41.6481 
-50.2115 41.6488 
-50.2114 41.6494 
-50.2114 41.6501 
-50.2114 41.6507 
-50.2114 41.6514 
-50.2114 41.6521 
-50.2114 41.6527 
-50.2114 41.6534 
-50.2114 41.6541 
-50.2114 41.6547 
-50.2114 41.6554 
-50.2114 41.6561 
-50.2114 41.6568 
-50.2114 41.6574 
-50.2114 41.6581 
-50.2114 41.6588 
-50.2114 41.6595 
-50.2114 41.6602 
-50.2114 41.6609 
-50.2114 41.6616 
-50.2114 41.6623 
-50.2114 41.663 
-50.2114 41.6637 
-50.2114 41.6644 
-50.2114 41.6651 
-50.2114 41.6659 
-50.2114 41.6666 
-50.2114 41.6673 
-50.2114 41.668 
-50.2114 41.6688 
-50.2114 41.6695 
-50.2114 41.6702 
-50.2114 41.671 
-50.2114 41.6717 
-50.2114 41.6724 
-50.2114 41.6732 
-50.2114 41.6739 
-50.2114 41.6747 
-50.2114 41.6755 
-50.2114 41.6762 
-50.2114 41.677 
-50.2114 41.6777 
-50.2114 41.6785 
-50.2113 41.6793 
-50.2113 41.6801 
-50.2113 41.6809 
-50.2113 41.6816 
-50.2113 41.6824 
-50.2113 41.6832 
-50.2113 41.684 
-50.2113 41.6848 
-50.2113 41.6856 
-50.2113 41.6864 
-50.2113 41.6872 
-50.2113 41.688 
-50.2113 41.6888 
-50.2113 41.6897 
-50.2113 41.6905 
-50.2113 41.6913 
-50.2113 41.6921 
-50.2113 41.693 
-50.2113 41.6938 
-50.2113 41.6946 
-50.2113 41.6955 
-50.2113 41.6963 
-50.2113 41.6972 
-50.2113 41.698 
-50.2113 41.6989 
-50.2113 41.6997 
-50.2113 41.7006 
-50.2113 41.7015 
-50.2113 41.7023 
-50.2113 41.7032 
-50.2113 41.7041 
-50.2113 41.705 
-50.2113 41.7058 
-50.2113 41.7067 
-50.2113 41.7076 
-50.2113 41.7085 
-50.2113 41.7094 
-50.2112 41.7103 
-50.2112 41.7112 
-50.2112 41.7122 
-50.2112 41.7131 
-50.2112 41.714 
-50.2112 41.7149 
-50.2112 41.7158 
-50.2112 41.7168 
-50.2112 41.7177 
-50.2112 41.7186 
-50.2112 41.7196 
-50.2112 41.7205 
-50.2112 41.7215 
-50.2112 41.7224 
-50.2112 41.7234 
-50.2112 41.7244 
-50.2112 41.7253 
-50.2112 41.7263 
-50.2112 41.7273 
-50.2112 41.7282 
-50.2112 41.7292 
-50.2112 41.7302 
-50.2112 41.7312 
-50.2112 41.7322 
-50.2112 41.7332 
-50.2112 41.7342 
-50.2112 41.7352 
-50.2112 41.7362 
-50.2112 41.7372 
-50.2112 41.7383 
-50.2111 41.7393 
-50.2111 41.7403 
-50.2111 41.7413 
-50.2111 41.7424 
-50.2111 41.7434 
-50.2111 41.7445 
-50.2111 41.7455 
-50.2111 41.7466 
-50.2111 41.7476 
-50.2111 41.7487 
-50.2111 41.7498 
-50.2111 41.7508 
-50.2111 41.7519 
-50.2111 41.753 
-50.2111 41.7541 
-50.2111 41.7552 
-50.2111 41.7563 
-50.2111 41.7574 
-50.2111 41.7585 
-50.2111 41.7596 
-50.2111 41.7607 
-50.2111 41.7618 
-50.2111 41.763 
-50.2111 41.7641 
-50.2111 41.7652 
-50.2111 41.7664 
-50.2111 41.7675 
-50.211 41.7687 
-50.211 41.7698 
-50.211 41.771 
-50.211 41.7721 
-50.211 41.7733 
-50.211 41.7745 
-50.211 41.7756 
-50.211 41.7768 
-50.211 41.778 
-50.211 41.7792 
-50.211 41.7804 
-50.211 41.7816 
-50.211 41.7828 
-50.211 41.784 
-50.211 41.7852 
-50.211 41.7865 
-50.211 41.7877 
-50.211 41.7889 
-50.211 41.7902 
-50.211 41.7914 
-50.211 41.7927 
-50.211 41.7939 
-50.211 41.7952 
-50.211 41.7964 
-50.211 41.7977 
-50.2109 41.799 
-50.2109 41.8003 
-50.2109 41.8015 
-50.2109 41.8028 
-50.2109 41.8041 
-50.2109 41.8054 
-50.2109 41.8067 
-50.2109 41.8081 
-50.2109 41.8094 
-50.2109 41.8107 
-50.2109 41.812 
-50.2109 41.8134 
-50.2109 41.8147 
-50.2109 41.816 
-50.2109 41.8174 
-50.2109 41.8188 
-50.2109 41.8201 
-50.2109 41.8215 
-50.2109 41.8229 
-50.2109 41.8242 
-50.2109 41.8256 
-50.2109 41.827 
-50.2108 41.8284 
-50.2108 41.8298 
-50.2108 41.8312 
-50.2108 41.8327 
-50.2108 41.8341 
-50.2108 41.8355 
-50.2108 41.8369 
-50.2108 41.8384 
-50.2108 41.8398 
-50.2108 41.8413 
-50.2108 41.8427 
-50.2108 41.8442 
-50.2108 41.8457 
-50.2108 41.8471 
-50.2108 41.8486 
-50.2108 41.8501 
-50.2108 41.8516 
-50.2108 41.8531 
-50.2108 41.8546 
-50.2108 41.8561 
-50.2108 41.8577 
-50.2107 41.8592 
-50.2107 41.8607 
-50.2107 41.8623 
-50.2107 41.8638 
-50.2107 41.8654 
-50.2107 41.8669 
-50.2107 41.8685 
-50.2107 41.8701 
-50.2107 41.8716 
-50.2107 41.8732 
-50.2107 41.8748 
-50.2107 41.8764 
-50.2107 41.878 
-50.2107 41.8796 
-50.2107 41.8813 
-50.2107 41.8829 
-50.2107 41.8845 
-50.2107 41.8862 
-50.2107 41.8878 
-50.2106 41.8895 
-50.2106 41.8911 
-50.2106 41.8928 
-50.2106 41.8945 
-50.2106 41.8961 
-50.2106 41.8978 
-50.2106 41.8995 
-50.2106 41.9012 
-50.2106 41.9029 
-50.2106 41.9047 
-50.2106 41.9064 
-50.2106 41.9081 
-50.2106 41.9099 
-50.2106 41.9116 
-50.2106 41.9134 
-50.2106 41.9151 
-50.2106 41.9169 
-50.2105 41.9187 
-50.2105 41.9205 
-50.2105 41.9222 
-50.2105 41.924 
-50.2105 41.9258 
-50.2105 41.9277 
-50.2105 41.9295 
-50.2105 41.9313 
-50.2105 41.9332 
-50.2105 41.935 
-50.2105 41.9368 
-50.2105 41.9387 
-50.2105 41.9406 
-50.2105 41.9425 
-50.2105 41.9443 
-50.2105 41.9462 
-50.2104 41.9481 
-50.2104 41.95 
-50.2104 41.952 
-50.2104 41.9539 
-50.2104 41.9558 
-50.2104 41.9577 
-50.2104 41.9597 
-50.2104 41.9617 
-50.2104 41.9636 
-50.2104 41.9656 
-50.2104 41.9676 
-50.2104 41.9696 
-50.2104 41.9716 
-50.2104 41.9736 
-50.2104 41.9756 
-50.2104 41.9776 
-50.2103 41.9796 
-50.2103 41.9817 
-50.2103 41.9837 
-50.2103 41.9858 
-50.2103 41.9879 
-50.2103 41.9899 
-50.2103 41.992 
-50.2103 41.9941 
-50.2103 41.9962 
-50.2103 41.9983 
-50.2103 42.0004 
-50.2103 42.0026 
-50.2103 42.0047 
-50.2103 42.0068 
-50.2102 42.009 
-50.2102 42.0112 
-50.2102 42.0133 
-50.2102 42.0155 
-50.2102 42.0177 
-50.2102 42.0199 
-50.2102 42.0221 
-50.2102 42.0243 
-50.2102 42.0266 
-50.2102 42.0288 
-50.2102 42.031 
-50.2102 42.0333 
-50.2102 42.0356 
-50.2101 42.0378 
-50.2101 42.0401 
-50.2101 42.0424 
-50.2101 42.0447 
-50.2101 42.047 
-50.2101 42.0494 
-50.2101 42.0517 
-50.2101 42.054 
-50.2101 42.0564 
-50.2101 42.0588 
-50.2101 42.0611 
-50.2101 42.0635 
-50.2101 42.0659 
-50.21 42.0683 
-50.21 42.0707 
-50.21 42.0732 
-50.21 42.0756 
-50.21 42.078 
-50.21 42.0805 
-50.21 42.083 
-50.21 42.0854 
-50.21 42.0879 
-50.21 42.0904 
-50.21 42.0929 
-50.21 42.0954 
-50.2099 42.098 
-50.2099 42.1005 
-50.2099 42.103 
-50.2099 42.1056 
-50.2099 42.1082 
-50.2099 42.1108 
-50.2099 42.1133 
-50.2099 42.116 
-50.2099 42.1186 
-50.2099 42.1212 
-50.2099 42.1238 
-50.2099 42.1265 
-50.2098 42.1291 
-50.2098 42.1318 
-50.2098 42.1345 
-50.2098 42.1372 
-50.2098 42.1399 
-50.2098 42.1426 
-50.2098 42.1453 
-50.2098 42.1481 
-50.2098 42.1508 
-50.2098 42.1536 
-50.2098 42.1563 
-50.2097 42.1591 
-50.2097 42.1619 
-50.2097 42.1647 
-50.2097 42.1675 
-50.2097 42.1704 
-50.2097 42.1732 
-50.2097 42.1761 
-50.2097 42.1789 
-50.2097 42.1818 
-50.2097 42.1847 
-50.2096 42.1876 
-50.2096 42.1905 
-50.2096 42.1935 
-50.2096 42.1964 
-50.2096 42.1993 
-50.2096 42.2023 
-50.2096 42.2053 
-50.2096 42.2083 
-50.2096 42.2113 
-50.2096 42.2143 
-50.2095 42.2173 
-50.2095 42.2204 
-50.2095 42.2234 
-50.2095 42.2265 
-50.2095 42.2296 
-50.2095 42.2327 
-50.2095 42.2358 
-50.2095 42.2389 
-50.2095 42.242 
-50.2095 42.2452 
-50.2094 42.2483 
-50.2094 42.2515 
-50.2094 42.2547 
-50.2094 42.2579 
-50.2094 42.2611 
-50.2094 42.2643 
-50.2094 42.2675 
-50.2094 42.2708 
-50.2094 42.2741 
-50.2093 42.2773 
-50.2093 42.2806 
-50.2093 42.2839 
-50.2093 42.2873 
-50.2093 42.2906 
-50.2093 42.2939 
-50.2093 42.2973 
-50.2093 42.3007 
-50.2093 42.3041 
-50.2092 42.3075 
-50.2092 42.3109 
-50.2092 42.3143 
-50.2092 42.3178 
-50.2092 42.3212 
-50.2092 42.3247 
-50.2092 42.3282 
-50.2092 42.3317 
-50.2092 42.3352 
-50.2091 42.3388 
-50.2091 42.3423 
-50.2091 42.3459 
-50.2091 42.3495 
-50.2091 42.3531 
-50.2091 42.3567 
-50.2091 42.3603 
-50.2091 42.3639 
-50.209 42.3676 
-50.209 42.3713 
-50.209 42.375 
-50.209 42.3787 
-50.209 42.3824 
-50.209 42.3861 
-50.209 42.3899 
-50.209 42.3936 
-50.2089 42.3974 
-50.2089 42.4012 
-50.2089 42.405 
-50.2089 42.4089 
-50.2089 42.4127 
-50.2089 42.4166 
-50.2089 42.4205 
-50.2089 42.4243 
-50.2088 42.4283 
-50.2088 42.4322 
-50.2088 42.4361 
-50.2088 42.4401 
-50.2088 42.4441 
-50.2088 42.4481 
-50.2088 42.4521 
-50.2087 42.4561 
-50.2087 42.4602 
-50.2087 42.4642 
-50.2087 42.4683 
-50.2087 42.4724 
-50.2087 42.4765 
-50.2087 42.4806 
-50.2087 42.4848 
-50.2086 42.4889 
-50.2086 42.4931 
-50.2086 42.4973 
-50.2086 42.5015 
-50.2086 42.5058 
-50.2086 42.51 
-50.2086 42.5143 
-50.2085 42.5186 
-50.2085 42.5229 
-50.2085 42.5272 
-50.2085 42.5316 
-50.2085 42.5359 
-50.2085 42.5403 
-50.2085 42.5447 
-50.2084 42.5491 
-50.2084 42.5536 
-50.2084 42.558 
-50.2084 42.5625 
-50.2084 42.567 
-50.2084 42.5715 
-50.2083 42.576 
-50.2083 42.5806 
-50.2083 42.5852 
-50.2083 42.5898 
-50.2083 42.5944 
-50.2083 42.599 
-50.2083 42.6036 
-50.2082 42.6083 
-50.2082 42.613 
-50.2082 42.6177 
-50.2082 42.6224 
-50.2082 42.6272 
-50.2082 42.6319 
-50.2081 42.6367 
-50.2081 42.6415 
-50.2081 42.6463 
-50.2081 42.6512 
-50.2081 42.6561 
-50.2081 42.6609 
-50.208 42.6658 
-50.208 42.6708 
-50.208 42.6757 
-50.208 42.6807 
-50.208 42.6857 
-50.208 42.6907 
-50.2079 42.6957 
-50.2079 42.7008 
-50.2079 42.7059 
-50.2079 42.7109 
-50.2079 42.7161 
-50.2079 42.7212 
-50.2078 42.7264 
-50.2078 42.7315 
-50.2078 42.7368 
-50.2078 42.742 
-50.2078 42.7472 
-50.2078 42.7525 
-50.2077 42.7578 
-50.2077 42.7631 
-50.2077 42.7684 
-50.2077 42.7738 
-50.2077 42.7792 
-50.2076 42.7846 
-50.2076 42.79 
-50.2076 42.7955 
-50.2076 42.8009 
-50.2076 42.8064 
-50.2076 42.812 
-50.2075 42.8175 
-50.2075 42.8231 
-50.2075 42.8287 
-50.2075 42.8343 
-50.2075 42.8399 
-50.2074 42.8456 
-50.2074 42.8512 
-50.2074 42.857 
-50.2074 42.8627 
-50.2074 42.8684 
-50.2074 42.8742 
-50.2073 42.88 
-50.2073 42.8859 
-50.2073 42.8917 
-50.2073 42.8976 
-50.2073 42.9035 
-50.2072 42.9094 
-50.2072 42.9154 
-50.2072 42.9214 
-50.2072 42.9274 
-50.2072 42.9334 
-50.2071 42.9394 
-50.2071 42.9455 
-50.2071 42.9516 
-50.2071 42.9578 
-50.2071 42.9639 
-50.207 42.9701 
-50.207 42.9763 
-50.207 42.9825 
-50.207 42.9888 
-50.2069 42.9951 
-50.2069 43.0014 
-50.2069 43.0077 
-50.2069 43.0141 
-50.2069 43.0205 
-50.2068 43.0269 
-50.2068 43.0334 
-50.2068 43.0398 
-50.2068 43.0463 
-50.2068 43.0529 
-50.2067 43.0594 
-50.2067 43.066 
-50.2067 43.0726 
-50.2067 43.0793 
-50.2066 43.0859 
-50.2066 43.0926 
-50.2066 43.0993 
-50.2066 43.1061 
-50.2066 43.1129 
-50.2065 43.1197 
-50.2065 43.1265 
-50.2065 43.1334 
-50.2065 43.1403 
-50.2064 43.1472 
-50.2064 43.1542 
-50.2064 43.1612 
-50.2064 43.1682 
-50.2063 43.1752 
-50.2063 43.1823 
-50.2063 43.1894 
-50.2063 43.1965 
-50.2062 43.2037 
-50.2062 43.2109 
-50.2062 43.2181 
-50.2062 43.2253 
-50.2062 43.2326 
-50.2061 43.2399 
-50.2061 43.2473 
-50.2061 43.2547 
-50.2061 43.2621 
-50.206 43.2695 
-50.206 43.277 
-50.206 43.2845 
-50.206 43.292 
-50.2059 43.2996 
-50.2059 43.3072 
-50.2059 43.3148 
-50.2059 43.3224 
-50.2058 43.3301 
-50.2058 43.3379 
-50.2058 43.3456 
-50.2057 43.3534 
-50.2057 43.3612 
-50.2057 43.3691 
-50.2057 43.377 
-50.2056 43.3849 
-50.2056 43.3928 
-50.2056 43.4008 
-50.2056 43.4089 
-50.2055 43.4169 
-50.2055 43.425 
-50.2055 43.4331 
-50.2055 43.4413 
-50.2054 43.4495 
-50.2054 43.4577 
-50.2054 43.466 
-50.2053 43.4743 
-50.2053 43.4826 
-50.2053 43.491 
-50.2053 43.4994 
-50.2052 43.5078 
-50.2052 43.5163 
-50.2052 43.5248 
-50.2052 43.5333 
-50.2051 43.5419 
-50.2051 43.5505 
-50.2051 43.5592 
-50.205 43.5679 
-50.205 43.5766 
-50.205 43.5853 
-50.2049 43.5941 
-50.2049 43.603 
-50.2049 43.6118 
-50.2049 43.6208 
-50.2048 43.6297 
-50.2048 43.6387 
-50.2048 43.6477 
-50.2047 43.6568 
-50.2047 43.6659 
-50.2047 43.675 
-50.2046 43.6842 
-50.2046 43.6934 
-50.2046 43.7027 
-50.2046 43.7119 
-50.2045 43.7213 
-50.2045 43.7306 
-50.2045 43.7401 
-50.2044 43.7495 
-50.2044 43.759 
-50.2044 43.7685 
-50.2043 43.7781 
-50.2043 43.7877 
-50.2043 43.7974 
-50.2042 43.807 
-50.2042 43.8168 
-50.2042 43.8266 
-50.2041 43.8364 
-50.2041 43.8462 
-50.2041 43.8561 
-50.204 43.8661 
-50.204 43.876 
-50.204 43.8861 
-50.2039 43.8961 
-50.2039 43.9062 
-50.2039 43.9164 
-50.2038 43.9266 
-50.2038 43.9368 
-50.2038 43.9471 
-50.2037 43.9574 
-50.2037 43.9678 
-50.2037 43.9782 
-50.2036 43.9886 
-50.2036 43.9991 
-50.2036 44.0097 
-50.2035 44.0203 
-50.2035 44.0309 
-50.2035 44.0416 
-50.2034 44.0523 
-50.2034 44.063 
-50.2034 44.0739 
-50.2033 44.0847 
-50.2033 44.0956 
-50.2032 44.1066 
-50.2032 44.1176 
-50.2032 44.1286 
-50.2031 44.1397 
-50.2031 44.1508 
-50.2031 44.162 
-50.203 44.1732 
-50.203 44.1845 
-50.2029 44.1958 
-50.2029 44.2072 
-50.2029 44.2186 
-50.2028 44.2301 
-50.2028 44.2416 
-50.2028 44.2531 
-50.2027 44.2648 
-50.2027 44.2764 
-50.2026 44.2881 
-50.2026 44.2999 
-50.2026 44.3117 
-50.2025 44.3236 
-50.2025 44.3355 
-50.2024 44.3474 
-50.2024 44.3594 
-50.2024 44.3715 
-50.2023 44.3836 
-50.2023 44.3958 
-50.2022 44.408 
-50.2022 44.4202 
-50.2022 44.4325 
-50.2021 44.4449 
-50.2021 44.4573 
-50.202 44.4698 
-50.202 44.4823 
-50.202 44.4949 
-50.2019 44.5075 
-50.2019 44.5202 
-50.2018 44.5329 
-50.2018 44.5457 
-50.2017 44.5586 
-50.2017 44.5715 
-50.2017 44.5844 
-50.2016 44.5974 
-50.2016 44.6105 
-50.2015 44.6236 
-50.2015 44.6368 
-50.2014 44.65 
-50.2014 44.6633 
-50.2014 44.6766 
-50.2013 44.69 
-50.2013 44.7035 
-50.2012 44.717 
-50.2012 44.7305 
-50.2011 44.7442 
-50.2011 44.7579 
-50.201 44.7716 
-50.201 44.7854 
-50.2009 44.7992 
-50.2009 44.8131 
-50.2009 44.8271 
-50.2008 44.8411 
-50.2008 44.8552 
-50.2007 44.8694 
-50.2007 44.8836 
-50.2006 44.8979 
-50.2006 44.9122 
-50.2005 44.9266 
-50.2005 44.941 
-50.2004 44.9555 
-50.2004 44.9701 
-50.2003 44.9847 
-50.2003 44.9994 
-50.2002 45.0142 
-50.2002 45.029 
-50.2001 45.0439 
-50.2001 45.0588 
-50.2 45.0738 
-50.2 45.0889 
-50.1999 45.104 
-50.1999 45.1192 
-50.1998 45.1345 
-50.1998 45.1498 
-50.1997 45.1652 
-50.1997 45.1806 
-50.1996 45.1962 
-50.1996 45.2117 
-50.1995 45.2274 
-50.1995 45.2431 
-50.1994 45.2589 
-50.1994 45.2747 
-50.1993 45.2906 
-50.1993 45.3066 
-50.1992 45.3227 
-50.1992 45.3388 
-50.1991 45.355 
-50.1991 45.3712 
-50.199 45.3876 
-50.1989 45.4039 
-50.1989 45.4204 
-50.1988 45.4369 
-50.1988 45.4535 
-50.1987 45.4702 
-50.1987 45.4869 
-50.1986 45.5038 
-50.1986 45.5206 
-50.1985 45.5376 
-50.1984 45.5546 
-50.1984 45.5717 
-50.1983 45.5889 
-50.1983 45.6061 
-50.1982 45.6234 
-50.1982 45.6408 
-50.1981 45.6583 
-50.198 45.6758 
-50.198 45.6934 
-50.1979 45.7111 
-50.1979 45.7288 
-50.1978 45.7467 
-50.1978 45.7646 
-50.1977 45.7826 
-50.1976 45.8006 
-50.1976 45.8187 
-50.1975 45.8369 
-50.1974 45.8552 
-50.1974 45.8736 
-50.1973 45.892 
-50.1973 45.9105 
-50.1972 45.9291 
-50.1971 45.9478 
-50.1971 45.9666 
-50.197 45.9854 
-50.197 46.0043 
-50.1969 46.0233 
-50.1968 46.0424 
-50.1968 46.0615 
-50.1967 46.0808 
-50.1966 46.1001 
-50.1966 46.1195 
-50.1965 46.1389 
-50.1964 46.1585 
-50.1964 46.1781 
-50.1963 46.1979 
-50.1963 46.2177 
-50.1962 46.2376 
-50.1961 46.2575 
-50.1961 46.2776 
-50.196 46.2977 
-50.1959 46.318 
-50.1959 46.3383 
-50.1958 46.3587 
-50.1957 46.3792 
-50.1957 46.3997 
-50.1956 46.4204 
-50.1955 46.4411 
-50.1954 46.462 
-50.1954 46.4829 
-50.1953 46.5039 
-50.1952 46.525 
-50.1952 46.5462 
-50.1951 46.5674 
-50.195 46.5888 
-50.195 46.6103 
-50.1949 46.6318 
-50.1948 46.6535 
-50.1947 46.6752 
-50.1947 46.697 
-50.1946 46.7189 
-50.1945 46.7409 
-50.1945 46.763 
-50.1944 46.7852 
-50.1943 46.8075 
-50.1942 46.8299 
-50.1942 46.8523 
-50.1941 46.8749 
-50.194 46.8976 
-50.1939 46.9203 
-50.1939 46.9432 
-50.1938 46.9661 
-50.1937 46.9892 
-50.1936 47.0123 
-50.1936 47.0355 
-50.1935 47.0589 
-50.1934 47.0823 
-50.1933 47.1059 
-50.1932 47.1295 
-50.1932 47.1532 
-50.1931 47.1771 
-50.193 47.201 
-50.1929 47.225 
-50.1929 47.2492 
-50.1928 47.2734 
-50.1927 47.2978 
-50.1926 47.3222 
-50.1925 47.3468 
-50.1925 47.3714 
-50.1924 47.3962 
-50.1923 47.421 
-50.1922 47.446 
-50.1921 47.4711 
-50.192 47.4962 
-50.192 47.5215 
-50.1919 47.5469 
-50.1918 47.5724 
-50.1917 47.598 
-50.1916 47.6237 
-50.1915 47.6496 
-50.1915 47.6755 
-50.1914 47.7015 
-50.1913 47.7277 
-50.1912 47.7539 
-50.1911 47.7803 
-50.191 47.8068 
-50.1909 47.8334 
-50.1909 47.8601 
-50.1908 47.8869 
-50.1907 47.9138 
-50.1906 47.9409 
-50.1905 47.968 
-50.1904 47.9953 
-50.1903 48.0227 
-50.1902 48.0502 
-50.1901 48.0778 
-50.19 48.1056 
-50.19 48.1334 
-50.1899 48.1614 
-50.1898 48.1895 
-50.1897 48.2177 
-50.1896 48.246 
-50.1895 48.2745 
-50.1894 48.303 
-50.1893 48.3317 
-50.1892 48.3605 
-50.1891 48.3895 
-50.189 48.4185 
-50.1889 48.4477 
-50.1888 48.477 
-50.1887 48.5064 
-50.1886 48.536 
-50.1885 48.5656 
-50.1884 48.5954 
-50.1883 48.6253 
-50.1882 48.6554 
-50.1882 48.6856 
-50.1881 48.7159 
-50.188 48.7463 
-50.1879 48.7769 
-50.1878 48.8075 
-50.1877 48.8384 
-50.1875 48.8693 
-50.1875 48.9004 
-50.1873 48.9316 
-50.1872 48.9629 
-50.1871 48.9944 
-50.187 49.026 
-50.1869 49.0578 
-50.1868 49.0896 
-50.1867 49.1217 
-50.1866 49.1538 
-50.1865 49.1861 
-50.1864 49.2185 
-50.1863 49.251 
-50.1862 49.2837 
-50.1861 49.3166 
-50.186 49.3495 
-50.1859 49.3826 
-50.1858 49.4159 
-50.1857 49.4493 
-50.1856 49.4828 
-50.1854 49.5165 
-50.1853 49.5503 
-50.1852 49.5842 
-50.1851 49.6183 
-50.185 49.6526 
-50.1849 49.687 
-50.1848 49.7215 
-50.1847 49.7562 
-50.1845 49.791 
-50.1844 49.826 
-50.1843 49.8611 
-50.1842 49.8964 
-50.1841 49.9318 
-50.184 49.9673 
-50.1839 50.0031 
-50.1837 50.0389 
-50.1836 50.0749 
-50.1835 50.1111 
-50.1834 50.1474 
-50.1833 50.1839 
-50.1831 50.2205 
-50.183 50.2573 
-50.1829 50.2943 
-50.1828 50.3314 
-50.1827 50.3686 
-50.1825 50.406 
-50.1824 50.4436 
-50.1823 50.4813 
-50.1822 50.5192 
-50.1821 50.5573 
-50.1819 50.5955 
-50.1818 50.6338 
-50.1817 50.6724 
-50.1816 50.7111 
-50.1814 50.7499 
-50.1813 50.789 
-50.1812 50.8281 
-50.181 50.8675 
-50.1809 50.907 
-50.1808 50.9467 
-50.1807 50.9866 
-50.1805 51.0266 
-50.1804 51.0668 
-50.1803 51.1071 
-50.1801 51.1477 
-50.18 51.1884 
-50.1799 51.2293 
-50.1797 51.2703 
-50.1796 51.3115 
-50.1795 51.3529 
-50.1793 51.3945 
-50.1792 51.4362 
-50.1791 51.4782 
-50.1789 51.5203 
-50.1788 51.5626 
-50.1787 51.605 
-50.1785 51.6476 
-50.1784 51.6905 
-50.1782 51.7335 
-50.1781 51.7766 
-50.178 51.82 
-50.1778 51.8636 
-50.1777 51.9073 
-50.1775 51.9512 
-50.1774 51.9953 
-50.1773 52.0396 
-50.1771 52.0841 
-50.177 52.1287 
-50.1768 52.1736 
-50.1767 52.2186 
-50.1765 52.2639 
-50.1764 52.3093 
-50.1762 52.3549 
-50.1761 52.4007 
-50.1759 52.4467 
-50.1758 52.4929 
-50.1756 52.5393 
-50.1755 52.5859 
-50.1753 52.6327 
-50.1752 52.6797 
-50.175 52.7269 
-50.1749 52.7742 
-50.1747 52.8218 
-50.1746 52.8696 
-50.1744 52.9176 
-50.1743 52.9658 
-50.1741 53.0142 
-50.174 53.0628 
-50.1738 53.1116 
-50.1736 53.1606 
-50.1735 53.2098 
-50.1733 53.2592 
-50.1732 53.3089 
-50.173 53.3587 
-50.1728 53.4088 
-50.1727 53.459 
-50.1725 53.5095 
-50.1724 53.5602 
-50.1722 53.6111 
-50.172 53.6623 
-50.1719 53.7136 
-50.1717 53.7652 
-50.1715 53.8169 
-50.1714 53.8689 
-50.1712 53.9212 
-50.171 53.9736 
-50.1709 54.0262 
-50.1707 54.0791 
-50.1705 54.1322 
-50.1704 54.1856 
-50.1702 54.2391 
-50.17 54.2929 
-50.1698 54.3469 
-50.1697 54.4012 
-50.1695 54.4556 
-50.1693 54.5103 
-50.1691 54.5653 
-50.169 54.6204 
-50.1688 54.6758 
-50.1686 54.7315 
-50.1684 54.7873 
-50.1683 54.8434 
-50.1681 54.8998 
-50.1679 54.9564 
-50.1677 55.0132 
-50.1675 55.0702 
-50.1673 55.1275 
-50.1672 55.1851 
-50.167 55.2429 
-50.1668 55.3009 
-50.1666 55.3592 
-50.1664 55.4177 
-50.1662 55.4765 
-50.166 55.5355 
-50.1659 55.5948 
-50.1657 55.6543 
-50.1655 55.7141 
-50.1653 55.7741 
-50.1651 55.8344 
-50.1649 55.895 
-50.1647 55.9557 
-50.1645 56.0168 
-50.1643 56.0781 
-50.1641 56.1397 
-50.1639 56.2015 
-50.1637 56.2636 
-50.1635 56.326 
-50.1633 56.3886 
-50.1631 56.4515 
-50.1629 56.5147 
-50.1627 56.5781 
-50.1625 56.6418 
-50.1623 56.7057 
-50.1621 56.77 
-50.1619 56.8345 
-50.1617 56.8993 
-50.1615 56.9643 
-50.1613 57.0296 
-50.1611 57.0952 
-50.1609 57.1611 
-50.1607 57.2273 
-50.1605 57.2937 
-50.1602 57.3605 
-50.16 57.4275 
-50.1598 57.4948 
-50.1596 57.5623 
-50.1594 57.6302 
-50.1592 57.6984 
-50.159 57.7668 
-50.1587 57.8355 
-50.1585 57.9046 
-50.1583 57.9739 
-50.1581 58.0435 
-50.1579 58.1134 
-50.1576 58.1836 
-50.1574 58.2541 
-50.1572 58.3249 
-50.157 58.396 
-50.1567 58.4674 
-50.1565 58.5391 
-50.1563 58.6111 
-50.1561 58.6834 
-50.1558 58.7561 
-50.1556 58.829 
-50.1554 58.9022 
-50.1551 58.9758 
-50.1549 59.0496 
-50.1547 59.1238 
-50.1544 59.1983 
-50.1542 59.2731 
-50.154 59.3482 
-50.1537 59.4237 
-50.1535 59.4994 
-50.1533 59.5755 
-50.153 59.6519 
-50.1528 59.7287 
-50.1525 59.8057 
-50.1523 59.8831 
-50.1521 59.9608 
-50.1518 60.0389 
-50.1516 60.1172 
-50.1513 60.196 
-50.1511 60.275 
-50.1508 60.3544 
-50.1506 60.4341 
-50.1503 60.5141 
-50.1501 60.5945 
-50.1498 60.6753 
-50.1496 60.7564 
-50.1493 60.8378 
-50.149 60.9195 
-50.1488 61.0017 
-50.1485 61.0841 
-50.1483 61.1669 
-50.148 61.2501 
-50.1478 61.3336 
-50.1475 61.4175 
-50.1472 61.5017 
-50.147 61.5863 
-50.1467 61.6713 
-50.1464 61.7566 
-50.1462 61.8422 
-50.1459 61.9283 
-50.1456 62.0147 
-50.1454 62.1014 
-50.1451 62.1886 
-50.1448 62.2761 
-50.1445 62.364 
-50.1443 62.4522 
-50.144 62.5409 
-50.1437 62.6299 
-50.1434 62.7192 
-50.1432 62.809 
-50.1429 62.8992 
-50.1426 62.9897 
-50.1423 63.0806 
-50.142 63.1719 
-50.1418 63.2636 
-50.1415 63.3557 
-50.1412 63.4481 
-50.1409 63.541 
-50.1406 63.6342 
-50.1403 63.7279 
-50.14 63.822 
-50.1397 63.9164 
-50.1394 64.0113 
-50.1391 64.1065 
-50.1388 64.2022 
-50.1385 64.2982 
-50.1382 64.3947 
-50.138 64.4916 
-50.1376 64.5889 
-50.1373 64.6866 
-50.137 64.7848 
-50.1367 64.8833 
-50.1364 64.9823 
-50.1361 65.0817 
-50.1358 65.1815 
-50.1355 65.2817 
-50.1352 65.3824 
-50.1349 65.4835 
-50.1346 65.585 
-50.1343 65.687 
-50.134 65.7894 
-50.1336 65.8922 
-50.1333 65.9954 
-50.133 66.0991 
-50.1327 66.2033 
-50.1324 66.3079 
-50.132 66.4129 
-50.1317 66.5184 
-50.1314 66.6243 
-50.1311 66.7307 
-50.1307 66.8375 
-50.1304 66.9448 
-50.1301 67.0526 
-50.1297 67.1608 
-50.1294 67.2694 
-50.1291 67.3786 
-50.1287 67.4882 
-50.1284 67.5982 
-50.1281 67.7087 
-50.1277 67.8197 
-50.1274 67.9312 
-50.1271 68.0432 
-50.1267 68.1556 
-50.1264 68.2685 
-50.126 68.3819 
-50.1257 68.4958 
-50.1253 68.6101 
-50.125 68.725 
-50.1246 68.8403 
-50.1243 68.9561 
-50.1239 69.0724 
-50.1236 69.1892 
-50.1232 69.3065 
-50.1229 69.4244 
-50.1225 69.5427 
-50.1221 69.6615 
-50.1218 69.7808 
-50.1214 69.9007 
-50.121 70.021 
-50.1207 70.1419 
-50.1203 70.2632 
-50.1199 70.3851 
-50.1196 70.5075 
-50.1192 70.6305 
-50.1188 70.7539 
-50.1185 70.8779 
-50.1181 71.0024 
-50.1177 71.1275 
-50.1173 71.2531 
-50.1169 71.3792 
-50.1166 71.5058 
-50.1162 71.633 
-50.1158 71.7608 
-50.1154 71.889 
-50.115 72.0179 
-50.1146 72.1473 
-50.1142 72.2772 
-50.1138 72.4077 
-50.1134 72.5387 
-50.1131 72.6703 
-50.1127 72.8025 
-50.1123 72.9352 
-50.1119 73.0685 
-50.1115 73.2024 
-50.1111 73.3368 
-50.1107 73.4718 
-50.1102 73.6074 
-50.1098 73.7436 
-50.1094 73.8804 
-50.109 74.0177 
-50.1086 74.1556 
-50.1082 74.2941 
-50.1078 74.4332 
-50.1074 74.5729 
-50.1069 74.7132 
-50.1065 74.8541 
-50.1061 74.9956 
-50.1057 75.1377 
-50.1053 75.2804 
-50.1048 75.4237 
-50.1044 75.5677 
-50.104 75.7122 
-50.1035 75.8574 
-50.1031 76.0032 
-50.1027 76.1496 
-50.1022 76.2966 
-50.1018 76.4443 
-50.1014 76.5926 
-50.1009 76.7415 
-50.1005 76.8911 
-50.1 77.0413 
-50.0996 77.1922 
-50.0991 77.3437 
-50.0987 77.4958 
-50.0982 77.6486 
-50.0978 77.802 
-50.0973 77.9561 
-50.0969 78.1109 
-50.0964 78.2663 
-50.096 78.4224 
-50.0955 78.5792 
-50.095 78.7366 
-50.0946 78.8947 
-50.0941 79.0535 
-50.0936 79.213 
-50.0932 79.3731 
-50.0927 79.534 
-50.0922 79.6955 
-50.0917 79.8577 
-50.0913 80.0206 
-50.0908 80.1842 
-50.0903 80.3485 
-50.0898 80.5135 
-50.0893 80.6793 
-50.0889 80.8457 
-50.0884 81.0128 
-50.0879 81.1807 
-50.0874 81.3493 
-50.0869 81.5186 
-50.0864 81.6886 
-50.0859 81.8594 
-50.0854 82.0308 
-50.0849 82.2031 
-50.0844 82.376 
-50.0839 82.5497 
-50.0834 82.7242 
-50.0829 82.8994 
-50.0824 83.0753 
-50.0819 83.252 
-50.0813 83.4295 
-50.0808 83.6077 
-50.0803 83.7867 
-50.0798 83.9664 
-50.0793 84.147 
-50.0788 84.3283 
-50.0782 84.5103 
-50.0777 84.6932 
-50.0772 84.8768 
-50.0766 85.0613 
-50.0761 85.2465 
-50.0756 85.4325 
-50.075 85.6193 
-50.0745 85.807 
-50.074 85.9954 
-50.0734 86.1846 
-50.0729 86.3747 
-50.0723 86.5655 
-50.0718 86.7572 
-50.0712 86.9497 
-50.0707 87.1431 
-50.0701 87.3372 
-50.0696 87.5322 
-50.069 87.7281 
-50.0684 87.9247 
-50.0679 88.1223 
-50.0673 88.3206 
-50.0667 88.5199 
-50.0662 88.7199 
-50.0656 88.9209 
-50.065 89.1227 
-50.0644 89.3254 
-50.0639 89.5289 
-50.0633 89.7333 
-50.0627 89.9386 
-50.0621 90.1448 
-50.0615 90.3519 
-50.061 90.5598 
-50.0604 90.7687 
-50.0598 90.9784 
-50.0592 91.1891 
-50.0586 91.4007 
-50.058 91.6131 
-50.0574 91.8265 
-50.0568 92.0408 
-50.0562 92.2561 
-50.0556 92.4722 
-50.055 92.6893 
-50.0543 92.9073 
-50.0537 93.1263 
-50.0531 93.3462 
-50.0525 93.567 
-50.0519 93.7888 
-50.0512 94.0116 
-50.0506 94.2353 
-50.05 94.46 
-50.0494 94.6856 
-50.0487 94.9122 
-50.0481 95.1398 
-50.0475 95.3684 
-50.0468 95.598 
-50.0462 95.8285 
-50.0455 96.0601 
-50.0449 96.2926 
-50.0442 96.5262 
-50.0436 96.7607 
-50.0429 96.9963 
-50.0423 97.2329 
-50.0416 97.4705 
-50.041 97.7091 
-50.0403 97.9487 
-50.0396 98.1894 
-50.039 98.4312 
-50.0383 98.6739 
-50.0376 98.9177 
-50.037 99.1626 
-50.0363 99.4085 
-50.0356 99.6555 
-50.0349 99.9036 
-50.0342 100.153 
-50.0336 100.403 
-50.0329 100.654 
-50.0322 100.907 
-50.0315 101.16 
-50.0308 101.415 
-50.0301 101.67 
-50.0294 101.927 
-50.0287 102.185 
-50.028 102.444 
-50.0273 102.704 
-50.0266 102.965 
-50.0258 103.227 
-50.0251 103.491 
-50.0244 103.756 
-50.0237 104.021 
-50.023 104.288 
-50.0222 104.556 
-50.0215 104.826 
-50.0208 105.096 
-50.0201 105.368 
-50.0193 105.64 
-50.0186 105.914 
-50.0178 106.189 
-50.0171 106.466 
-50.0163 106.743 
-50.0156 107.022 
-50.0149 107.302 
-50.0141 107.583 
-50.0133 107.865 
-50.0126 108.149 
-50.0118 108.433 
-50.0111 108.719 
-50.0103 109.007 
-50.0095 109.295 
-50.0088 109.585 
-50.008 109.876 
-50.0072 110.168 
-50.0064 110.462 
-50.0056 110.756 
-50.0048 111.053 
-50.0041 111.35 
-50.0033 111.649 
-50.0025 111.948 
-50.0017 112.25 
-50.0009 112.552 
-50.0001 112.856 
-49.9993 113.161 
-49.9985 113.468 
-49.9977 113.776 
-49.9968 114.085 
-49.996 114.395 
-49.9952 114.707 
-49.9944 115.02 
-49.9936 115.335 
-49.9927 115.651 
-49.9919 115.968 
-49.9911 116.287 
-49.9902 116.607 
-49.9894 116.928 
-49.9886 117.251 
-49.9877 117.575 
-49.9869 117.901 
-49.986 118.228 
-49.9852 118.557 
-49.9843 118.887 
-49.9835 119.218 
-49.9826 119.551 
-49.9817 119.885 
-49.9809 120.221 
-49.98 120.558 
-49.9791 120.896 
-49.9783 121.237 
-49.9774 121.578 
-49.9765 121.921 
-49.9756 122.266 
-49.9747 122.612 
-49.9738 122.959 
-49.9729 123.308 
-49.9721 123.659 
-49.9712 124.011 
-49.9703 124.365 
-49.9693 124.72 
-49.9684 125.077 
-49.9675 125.435 
-49.9666 125.795 
-49.9657 126.156 
-49.9648 126.519 
-49.9639 126.884 
-49.9629 127.25 
-49.962 127.618 
-49.9611 127.987 
-49.9601 128.358 
-49.9592 128.73 
-49.9583 129.105 
-49.9573 129.48 
-49.9564 129.858 
-49.9554 130.237 
-49.9545 130.618 
-49.9535 131 
-49.9525 131.384 
-49.9516 131.77 
-49.9506 132.158 
-49.9497 132.547 
-49.9487 132.938 
-49.9477 133.33 
-49.9467 133.724 
-49.9457 134.12 
-49.9448 134.518 
-49.9438 134.918 
-49.9428 135.319 
-49.9418 135.722 
-49.9408 136.126 
-49.9398 136.533 
-49.9388 136.941 
-49.9378 137.351 
-49.9368 137.763 
-49.9358 138.177 
-49.9347 138.592 
-49.9337 139.009 
-49.9327 139.428 
-49.9317 139.849 
-49.9306 140.272 
-49.9296 140.697 
-49.9286 141.123 
-49.9275 141.551 
-49.9265 141.982 
-49.9254 142.414 
-49.9244 142.848 
-49.9233 143.283 
-49.9223 143.721 
-49.9212 144.161 
-49.9202 144.603 
-49.9191 145.046 
-49.918 145.492 
-49.917 145.939 
-49.9159 146.388 
-49.9148 146.84 
-49.9137 147.293 
-49.9126 147.749 
-49.9115 148.206 
-49.9104 148.665 
-49.9094 149.127 
-49.9083 149.59 
-49.9072 150.055 
-49.906 150.523 
-49.9049 150.992 
-49.9038 151.464 
-49.9027 151.937 
-49.9016 152.413 
-49.9005 152.891 
-49.8993 153.371 
-49.8982 153.853 
-49.8971 154.337 
-49.8959 154.823 
-49.8948 155.311 
-49.8936 155.802 
-49.8925 156.295 
-49.8913 156.79 
-49.8902 157.287 
-49.889 157.786 
-49.8879 158.287 
-49.8867 158.791 
-49.8855 159.296 
-49.8844 159.805 
-49.8832 160.315 
-49.882 160.827 
-49.8808 161.342 
-49.8796 161.859 
-49.8784 162.378 
-49.8773 162.9 
-49.8761 163.424 
-49.8749 163.95 
-49.8736 164.478 
-49.8724 165.009 
-49.8712 165.542 
-49.87 166.078 
-49.8688 166.616 
-49.8676 167.156 
-49.8663 167.699 
-49.8651 168.244 
-49.8639 168.791 
-49.8626 169.341 
-49.8614 169.893 
-49.8601 170.448 
-49.8589 171.005 
-49.8576 171.564 
-49.8564 172.127 
-49.8551 172.691 
-49.8539 173.258 
-49.8526 173.828 
-49.8513 174.4 
-49.8501 174.974 
-49.8488 175.551 
-49.8475 176.131 
-49.8462 176.713 
-49.8449 177.298 
-49.8436 177.885 
-49.8423 178.475 
-49.841 179.068 
-49.8397 179.663 
-49.8384 180.261 
-49.8371 180.861 
-49.8358 181.464 
-49.8345 182.07 
-49.8331 182.678 
-49.8318 183.289 
-49.8305 183.903 
-49.8291 184.52 
-49.8278 185.139 
-49.8265 185.761 
-49.8251 186.386 
-49.8238 187.013 
-49.8224 187.644 
-49.8211 188.277 
-49.8197 188.913 
-49.8183 189.551 
-49.817 190.193 
-49.8156 190.837 
-49.8142 191.484 
-49.8128 192.134 
-49.8114 192.787 
-49.8101 193.443 
-49.8087 194.102 
-49.8073 194.764 
-49.8059 195.428 
-49.8045 196.096 
-49.803 196.766 
-49.8016 197.44 
-49.8002 198.116 
-49.7988 198.796 
-49.7974 199.478 
-49.7959 200.164 
-49.7945 200.853 
-49.7931 201.544 
-49.7916 202.239 
-49.7902 202.937 
-49.7887 203.638 
-49.7873 204.342 
-49.7858 205.049 
-49.7844 205.759 
-49.7829 206.472 
-49.7814 207.189 
-49.78 207.909 
-49.7785 208.632 
-49.777 209.358 
-49.7755 210.087 
-49.774 210.82 
-49.7725 211.556 
-49.771 212.295 
-49.7695 213.037 
-49.768 213.783 
-49.7665 214.532 
-49.765 215.285 
-49.7635 216.041 
-49.762 216.8 
-49.7605 217.562 
-49.7589 218.328 
-49.7574 219.097 
-49.7559 219.87 
-49.7543 220.646 
-49.7528 221.426 
-49.7512 222.209 
-49.7497 222.996 
-49.7481 223.786 
-49.7466 224.58 
-49.745 225.377 
-49.7434 226.178 
-49.7418 226.982 
-49.7403 227.79 
-49.7387 228.601 
-49.7371 229.416 
-49.7355 230.235 
-49.7339 231.058 
-49.7323 231.884 
-49.7307 232.714 
-49.7291 233.547 
-49.7275 234.384 
-49.7259 235.225 
-49.7243 236.07 
-49.7226 236.918 
-49.721 237.771 
-49.7194 238.627 
-49.7177 239.487 
-49.7161 240.35 
-49.7145 241.218 
-49.7128 242.089 
-49.7112 242.965 
-49.7095 243.844 
-49.7078 244.727 
-49.7062 245.615 
-49.7045 246.506 
-49.7028 247.401 
-49.7011 248.3 
-49.6995 249.203 
-49.6978 250.111 
-49.6961 251.022 
-49.6944 251.937 
-49.6927 252.857 
-49.691 253.78 
-49.6893 254.708 
-49.6876 255.64 
-49.6859 256.576 
-49.6841 257.516 
-49.6824 258.461 
-49.6807 259.409 
-49.679 260.362 
-49.6772 261.32 
-49.6755 262.281 
-49.6737 263.247 
-49.672 264.217 
-49.6702 265.192 
-49.6685 266.171 
-49.6667 267.154 
-49.6649 268.142 
-49.6632 269.134 
-49.6614 270.131 
-49.6596 271.132 
-49.6578 272.137 
-49.656 273.147 
-49.6542 274.162 
-49.6524 275.181 
-49.6506 276.205 
-49.6488 277.234 
-49.647 278.267 
-49.6452 279.304 
-49.6434 280.347 
-49.6416 281.394 
-49.6397 282.445 
-49.6379 283.502 
-49.6361 284.563 
-49.6342 285.629 
-49.6324 286.7 
-49.6306 287.776 
-49.6287 288.856 
-49.6268 289.941 
-49.625 291.032 
-49.6231 292.127 
-49.6212 293.227 
-49.6194 294.332 
-49.6175 295.442 
-49.6156 296.557 
-49.6137 297.677 
-49.6118 298.802 
-49.6099 299.932 
-49.608 301.068 
-49.6061 302.208 
-49.6042 303.354 
-49.6023 304.504 
-49.6004 305.66 
-49.5985 306.822 
-49.5965 307.988 
-49.5946 309.16 
-49.5927 310.337 
-49.5907 311.519 
-49.5888 312.706 
-49.5868 313.899 
-49.5849 315.098 
-49.5829 316.302 
-49.581 317.511 
-49.579 318.725 
-49.577 319.946 
-49.5751 321.171 
-49.5731 322.403 
-49.5711 323.639 
-49.5691 324.882 
-49.5671 326.13 
-49.5651 327.384 
-49.5631 328.643 
-49.5611 329.908 
-49.5591 331.179 
-49.5571 332.455 
-49.5551 333.738 
-49.5531 335.026 
-49.551 336.32 
-49.549 337.62 
-49.547 338.925 
-49.5449 340.237 
-49.5429 341.555 
-49.5408 342.878 
-49.5388 344.208 
-49.5367 345.543 
-49.5347 346.885 
-49.5326 348.233 
-49.5305 349.587 
-49.5285 350.947 
-49.5264 352.313 
-49.5243 353.685 
-49.5222 355.064 
-49.5201 356.449 
-49.518 357.84 
-49.5159 359.238 
-49.5138 360.641 
-49.5117 362.052 
-49.5096 363.468 
-49.5075 364.891 
-49.5054 366.321 
-49.5032 367.757 
-49.5011 369.2 
-49.499 370.649 
-49.4968 372.104 
-49.4947 373.567 
-49.4925 375.036 
-49.4904 376.512 
-49.4882 377.994 
-49.4861 379.483 
-49.4839 380.979 
-49.4817 382.482 
-49.4796 383.991 
-49.4774 385.508 
-49.4752 387.031 
-49.473 388.562 
-49.4708 390.099 
-49.4686 391.643 
-49.4664 393.194 
-49.4642 394.753 
-49.462 396.318 
-49.4598 397.891 
-49.4576 399.471 
-49.4554 401.058 
-49.4531 402.652 
-49.4509 404.254 
-49.4487 405.863 
-49.4464 407.479 
-49.4442 409.102 
-49.4419 410.733 
-49.4397 412.372 
-49.4374 414.018 
-49.4352 415.671 
-49.4329 417.332 
-49.4306 419.001 
-49.4284 420.677 
-49.4261 422.361 
-49.4238 424.052 
-49.4215 425.752 
-49.4192 427.459 
-49.4169 429.173 
-49.4146 430.896 
-49.4123 432.627 
-49.41 434.365 
-49.4077 436.112 
-49.4054 437.866 
-49.4031 439.629 
-49.4007 441.399 
-49.3984 443.178 
-49.3961 444.965 
-49.3937 446.76 
-49.3914 448.563 
-49.3891 450.374 
-49.3867 452.194 
-49.3844 454.022 
-49.382 455.859 
-49.3796 457.704 
-49.3773 459.557 
-49.3749 461.419 
-49.3725 463.289 
-49.3701 465.168 
-49.3678 467.056 
-49.3654 468.952 
-49.363 470.857 
-49.3606 472.77 
-49.3582 474.693 
-49.3558 476.624 
-49.3534 478.564 
-49.3509 480.513 
-49.3485 482.471 
-49.3461 484.438 
-49.3437 486.414 
-49.3413 488.4 
-49.3388 490.394 
-49.3364 492.397 
-49.3339 494.41 
-49.3315 496.432 
-49.329 498.463 
-49.3266 500.503 
-49.3241 502.553 
-49.3217 504.612 
-49.3192 506.681 
-49.3167 508.759 
-49.3142 510.847 
-49.3118 512.945 
-49.3093 515.052 
-49.3068 517.168 
-49.3043 519.295 
-49.3018 521.431 
-49.2993 523.577 
-49.2968 525.734 
-49.2943 527.899 
-49.2918 530.075 
-49.2893 532.261 
-49.2867 534.457 
-49.2842 536.664 
-49.2817 538.88 
-49.2791 541.106 
-49.2766 543.343 
-49.2741 545.59 
-49.2715 547.848 
-49.269 550.116 
-49.2664 552.394 
-49.2639 554.683 
-49.2613 556.982 
-49.2587 559.292 
-49.2562 561.613 
-49.2536 563.944 
-49.251 566.287 
-49.2484 568.64 
-49.2458 571.003 
-49.2432 573.378 
-49.2406 575.764 
-49.238 578.161 
-49.2354 580.568 
-49.2328 582.987 
-49.2302 585.417 
-49.2276 587.859 
-49.225 590.311 
-49.2224 592.775 
-49.2197 595.251 
-49.2171 597.738 
-49.2145 600.236 
-49.2118 602.746 
-49.2092 605.267 
-49.2065 607.8 
-49.2039 610.345 
-49.2012 612.902 
-49.1986 615.47 
-49.1959 618.051 
-49.1933 620.643 
-49.1906 623.247 
-49.1879 625.864 
-49.1852 628.492 
-49.1825 631.133 
-49.1799 633.786 
-49.1772 636.451 
-49.1745 639.128 
-49.1718 641.818 
-49.1691 644.521 
-49.1664 647.235 
-49.1637 649.963 
-49.1609 652.703 
-49.1582 655.456 
-49.1555 658.221 
-49.1528 661 
-49.1501 663.791 
-49.1473 666.596 
-49.1446 669.413 
-49.1418 672.243 
-49.1391 675.087 
-49.1363 677.943 
-49.1336 680.813 
-49.1308 683.697 
-49.1281 686.593 
-49.1253 689.503 
-49.1225 692.427 
-49.1198 695.364 
-49.117 698.315 
-49.1142 701.28 
-49.1114 704.258 
-49.1087 707.25 
-49.1059 710.256 
-49.1031 713.276 
-49.1003 716.31 
-49.0975 719.358 
-49.0947 722.421 
-49.0919 725.497 
-49.089 728.588 
-49.0862 731.694 
-49.0834 734.813 
-49.0806 737.948 
-49.0778 741.096 
-49.0749 744.26 
-49.0721 747.438 
-49.0693 750.631 
-49.0664 753.839 
-49.0636 757.062 
-49.0607 760.3 
-49.0579 763.552 
-49.055 766.821 
-49.0521 770.104 
-49.0493 773.402 
-49.0464 776.716 
-49.0435 780.046 
-49.0407 783.391 
-49.0378 786.751 
-49.0349 790.127 
-49.032 793.519 
-49.0291 796.927 
-49.0262 800.35 
-49.0233 803.79 
-49.0204 807.245 
-49.0175 810.717 
-49.0146 814.205 
-49.0117 817.709 
-49.0088 821.23 
-49.0059 824.766 
-49.003 828.32 
-49 831.89 
-48.9971 835.477 
-48.9942 839.08 
-48.9912 842.7 
-48.9883 846.338 
-48.9854 849.992 
-48.9824 853.663 
-48.9795 857.351 
-48.9765 861.057 
-48.9736 864.78 
-48.9706 868.52 
-48.9676 872.278 
-48.9647 876.053 
-48.9617 879.846 
-48.9587 883.657 
-48.9557 887.485 
-48.9528 891.332 
-48.9498 895.196 
-48.9468 899.079 
-48.9438 902.979 
-48.9408 906.898 
-48.9378 910.835 
-48.9348 914.791 
-48.9318 918.765 
-48.9288 922.758 
-48.9258 926.769 
-48.9228 930.799 
-48.9197 934.849 
-48.9167 938.917 
-48.9137 943.004 
-48.9107 947.11 
-48.9076 951.235 
-48.9046 955.38 
-48.9016 959.544 
-48.8985 963.728 
-48.8955 967.931 
-48.8924 972.154 
-48.8894 976.397 
-48.8863 980.659 
-48.8833 984.942 
-48.8802 989.245 
-48.8771 993.568 
-48.8741 997.911 
-48.871 1002.27 
-48.8679 1006.66 
-48.8648 1011.06 
-48.8618 1015.49 
-48.8587 1019.93 
-48.8556 1024.4 
-48.8525 1028.89 
-48.8494 1033.4 
-48.8463 1037.93 
-48.8432 1042.48 
-48.8401 1047.05 
-48.837 1051.64 
-48.8339 1056.26 
-48.8308 1060.9 
-48.8277 1065.56 
-48.8246 1070.24 
-48.8214 1074.94 
-48.8183 1079.66 
-48.8152 1084.41 
-48.812 1089.18 
-48.8089 1093.97 
-48.8058 1098.79 
-48.8026 1103.62 
-48.7995 1108.48 
-48.7963 1113.37 
-48.7932 1118.27 
-48.79 1123.2 
-48.7869 1128.15 
-48.7837 1133.13 
-48.7806 1138.13 
-48.7774 1143.15 
-48.7742 1148.19 
-48.7711 1153.26 
-48.7679 1158.36 
-48.7647 1163.47 
-48.7615 1168.61 
-48.7583 1173.78 
-48.7551 1178.97 
-48.752 1184.18 
-48.7488 1189.42 
-48.7456 1194.68 
-48.7424 1199.97 
-48.7392 1205.28 
-48.736 1210.62 
-48.7328 1215.99 
-48.7296 1221.37 
-48.7263 1226.79 
-48.7231 1232.23 
-48.7199 1237.69 
-48.7167 1243.18 
-48.7135 1248.7 
-48.7102 1254.24 
-48.707 1259.81 
-48.7038 1265.4 
-48.7005 1271.02 
-48.6973 1276.67 
-48.6941 1282.35 
-48.6908 1288.05 
-48.6876 1293.77 
-48.6843 1299.53 
-48.6811 1305.31 
-48.6778 1311.12 
-48.6745 1316.96 
-48.6713 1322.82 
-48.668 1328.71 
-48.6647 1334.63 
-48.6615 1340.58 
-48.6582 1346.55 
-48.6549 1352.56 
-48.6517 1358.59 
-48.6484 1364.65 
-48.6451 1370.74 
-48.6418 1376.86 
-48.6385 1383 
-48.6352 1389.18 
-48.6319 1395.38 
-48.6286 1401.62 
-48.6253 1407.88 
-48.622 1414.17 
-48.6187 1420.5 
-48.6154 1426.85 
-48.6121 1433.23 
-48.6088 1439.64 
-48.6055 1446.09 
-48.6022 1452.56 
-48.5988 1459.06 
-48.5955 1465.6 
-48.5922 1472.16 
-48.5889 1478.76 
-48.5855 1485.39 
-48.5822 1492.05 
-48.5788 1498.74 
-48.5755 1505.46 
-48.5722 1512.22 
-48.5688 1519 
-48.5655 1525.82 
-48.5621 1532.67 
-48.5588 1539.55 
-48.5554 1546.47 
-48.5521 1553.41 
-48.5487 1560.4 
-48.5453 1567.41 
-48.542 1574.46 
-48.5386 1581.54 
-48.5352 1588.65 
-48.5319 1595.8 
-48.5285 1602.98 
-48.5251 1610.19 
-48.5217 1617.44 
-48.5183 1624.73 
-48.515 1632.04 
-48.5116 1639.4 
-48.5082 1646.78 
-48.5048 1654.21 
-48.5014 1661.66 
-48.498 1669.16 
-48.4946 1676.69 
-48.4912 1684.25 
-48.4878 1691.85 
-48.4844 1699.49 
-48.481 1707.16 
-48.4776 1714.87 
-48.4741 1722.61 
-48.4707 1730.39 
-48.4673 1738.21 
-48.4639 1746.07 
-48.4605 1753.96 
-48.457 1761.89 
-48.4536 1769.86 
-48.4502 1777.86 
-48.4467 1785.91 
-48.4433 1793.99 
-48.4399 1802.11 
-48.4364 1810.26 
-48.433 1818.46 
-48.4295 1826.7 
-48.4261 1834.97 
-48.4226 1843.29 
-48.4192 1851.64 
-48.4157 1860.03 
-48.4123 1868.47 
-48.4088 1876.94 
-48.4054 1885.45 
-48.4019 1894 
-48.3984 1902.6 
-48.395 1911.23 
-48.3915 1919.91 
-48.388 1928.63 
-48.3845 1937.38 
-48.3811 1946.18 
-48.3776 1955.03 
-48.3741 1963.91 
-48.3706 1972.83 
-48.3671 1981.8 
-48.3637 1990.81 
-48.3602 1999.87 
-48.3567 2008.96 
-48.3532 2018.1 
-48.3497 2027.28 
-48.3462 2036.51 
-48.3427 2045.78 
-48.3392 2055.1 
-48.3357 2064.45 
-48.3322 2073.86 
-48.3287 2083.3 
-48.3251 2092.8 
-48.3216 2102.33 
-48.3181 2111.92 
-48.3146 2121.55 
-48.3111 2131.22 
-48.3076 2140.94 
-48.304 2150.71 
-48.3005 2160.52 
-48.297 2170.38 
-48.2935 2180.28 
-48.2899 2190.24 
-48.2864 2200.24 
-48.2829 2210.29 
-48.2793 2220.38 
-48.2758 2230.53 
-48.2722 2240.72 
-48.2687 2250.96 
-48.2651 2261.25 
-48.2616 2271.59 
-48.258 2281.97 
-48.2545 2292.41 
-48.2509 2302.9 
-48.2474 2313.43 
-48.2438 2324.02 
-48.2403 2334.66 
-48.2367 2345.34 
-48.2331 2356.08 
-48.2296 2366.87 
-48.226 2377.71 
-48.2224 2388.6 
-48.2189 2399.55 
-48.2153 2410.54 
-48.2117 2421.59 
-48.2081 2432.69 
-48.2046 2443.84 
-48.201 2455.05 
-48.1974 2466.31 
-48.1938 2477.62 
-48.1902 2488.99 
-48.1866 2500.41 
-48.1831 2511.89 
-48.1795 2523.42 
-48.1759 2535 
-48.1723 2546.64 
-48.1687 2558.34 
-48.1651 2570.09 
-48.1615 2581.9 
-48.1579 2593.76 
-48.1543 2605.68 
-48.1507 2617.66 
-48.147 2629.69 
-48.1434 2641.79 
-48.1398 2653.93 
-48.1362 2666.14 
-48.1326 2678.41 
-48.129 2690.73 
-48.1254 2703.11 
-48.1217 2715.55 
-48.1181 2728.05 
-48.1145 2740.61 
-48.1109 2753.23 
-48.1072 2765.91 
-48.1036 2778.65 
-48.1 2791.45 
-48.0963 2804.32 
-48.0927 2817.24 
-48.0891 2830.22 
-48.0854 2843.27 
-48.0818 2856.38 
-48.0782 2869.55 
-48.0745 2882.79 
-48.0709 2896.08 
-48.0672 2909.44 
-48.0636 2922.87 
-48.0599 2936.36 
-48.0563 2949.91 
-48.0526 2963.53 
-48.049 2977.21 
-48.0453 2990.96 
-48.0416 3004.77 
-48.038 3018.65 
-48.0343 3032.59 
-48.0307 3046.6 
-48.027 3060.68 
-48.0233 3074.83 
-48.0197 3089.04 
-48.016 3103.32 
-48.0123 3117.67 
-48.0086 3132.09 
-48.005 3146.57 
-48.0013 3161.13 
-47.9976 3175.75 
-47.9939 3190.45 
-47.9903 3205.21 
-47.9866 3220.05 
-47.9829 3234.95 
-47.9792 3249.93 
-47.9755 3264.98 
-47.9718 3280.1 
-47.9681 3295.29 
-47.9645 3310.56 
-47.9608 3325.9 
-47.9571 3341.31 
-47.9534 3356.79 
-47.9497 3372.35 
-47.946 3387.98 
-47.9423 3403.69 
-47.9386 3419.47 
-47.9349 3435.33 
-47.9312 3451.26 
-47.9275 3467.27 
-47.9238 3483.36 
-47.92 3499.52 
-47.9163 3515.76 
-47.9126 3532.08 
-47.9089 3548.47 
-47.9052 3564.95 
-47.9015 3581.5 
-47.8978 3598.13 
-47.894 3614.84 
-47.8903 3631.63 
-47.8866 3648.5 
-47.8829 3665.46 
-47.8791 3682.49 
-47.8754 3699.6 
-47.8717 3716.8 
-47.868 3734.08 
-47.8642 3751.44 
-47.8605 3768.88 
-47.8568 3786.41 
-47.853 3804.02 
-47.8493 3821.71 
-47.8456 3839.49 
-47.8418 3857.35 
-47.8381 3875.3 
-47.8343 3893.34 
-47.8306 3911.46 
-47.8269 3929.67 
-47.8231 3947.96 
-47.8194 3966.35 
-47.8156 3984.82 
-47.8119 4003.37 
-47.8081 4022.02 
-47.8044 4040.76 
-47.8006 4059.58 
-47.7969 4078.5 
-47.7931 4097.51 
-47.7893 4116.6 
-47.7856 4135.79 
-47.7818 4155.07 
-47.7781 4174.45 
-47.7743 4193.91 
-47.7705 4213.47 
-47.7668 4233.12 
-47.763 4252.87 
-47.7592 4272.71 
-47.7555 4292.64 
-47.7517 4312.67 
-47.7479 4332.8 
-47.7442 4353.02 
-47.7404 4373.34 
-47.7366 4393.76 
-47.7328 4414.27 
-47.729 4434.88 
-47.7253 4455.59 
-47.7215 4476.4 
-47.7177 4497.31 
-47.7139 4518.32 
-47.7101 4539.43 
-47.7064 4560.64 
-47.7026 4581.96 
-47.6988 4603.37 
-47.695 4624.89 
-47.6912 4646.51 
-47.6874 4668.23 
-47.6836 4690.06 
-47.6798 4711.99 
-47.676 4734.03 
-47.6722 4756.17 
-47.6685 4778.42 
-47.6647 4800.77 
-47.6609 4823.23 
-47.6571 4845.8 
-47.6533 4868.48 
-47.6495 4891.26 
-47.6456 4914.16 
-47.6418 4937.16 
-47.638 4960.28 
-47.6342 4983.5 
-47.6304 5006.84 
-47.6266 5030.29 
-47.6228 5053.85 
-47.619 5077.52 
-47.6152 5101.31 
-47.6114 5125.21 
-47.6076 5149.22 
-47.6037 5173.35 
-47.5999 5197.59 
-47.5961 5221.96 
-47.5923 5246.43 
-47.5885 5271.03 
-47.5847 5295.74 
-47.5808 5320.57 
-47.577 5345.52 
-47.5732 5370.59 
-47.5694 5395.78 
-47.5655 5421.09 
-47.5617 5446.52 
-47.5579 5472.08 
-47.554 5497.75 
-47.5502 5523.55 
-47.5464 5549.47 
-47.5426 5575.52 
-47.5387 5601.69 
-47.5349 5627.99 
-47.5311 5654.41 
-47.5272 5680.96 
-47.5234 5707.64 
-47.5195 5734.44 
-47.5157 5761.37 
-47.5119 5788.44 
-47.508 5815.63 
-47.5042 5842.95 
-47.5003 5870.4 
-47.4965 5897.98 
-47.4926 5925.7 
-47.4888 5953.55 
-47.485 5981.53 
-47.4811 6009.65 
-47.4773 6037.9 
-47.4734 6066.29 
-47.4696 6094.81 
-47.4657 6123.47 
-47.4619 6152.27 
-47.458 6181.2 
-47.4542 6210.27 
-47.4501 6239.49 
-47.4467 6268.84 
-47.4421 6298.33 
-47.4397 6327.97 
-47.433 6357.74 
-47.4344 6387.66 
-47.4206 6417.73 
-47.4358 6447.93 
-47.3956 6478.29 
-47.4626 6508.78 
-47.3236 6539.43 
-47.5949 6570.21 
-47.0909 6601.18 
-48.2199 6632.21 
-46.6358 6663.59 
-50.346 6694.84 
-47.8502 6726.91 
-46.7609 6758.69 
-49.5759 6790.42 
-47.1598 6822.81 
-47.9196 6854.92 
-46.6646 6887.32 
-50.0819 6919.65 
-47.5305 6952.76 
-47.0437 6985.56 
-48.2392 7018.44 
-46.4892 7051.68 
-51.2377 7084.77 
-48.5473 7118.89 
-46.471 7152.68 
-51.3435 7186.25 
-48.6122 7220.87 
-46.4493 7255.16 
-51.4807 7289.23 
-48.7078 7324.37 
-46.4412 7359.18 
-51.5086 7393.74 
-48.6961 7429.39 
-46.3979 7464.7 
-51.8389 7499.76 
-48.9814 7535.99 
-46.4855 7571.86 
-51.0721 7607.46 
-48.1921 7644.06 
-46.2628 7680.31 
-53.0557 7716.39 
-50.1106 7753.88 
-47.2444 7791.01 
-47.3218 7827.8 
-47.1183 7864.78 
-47.6592 7901.9 
-46.5104 7939.3 
-50.7437 7976.67 
-47.741 8014.99 
-46.3772 8052.95 
-51.8038 8090.84 
-48.7261 8129.9 
-46.1472 8168.59 
-54.1767 8207 
-51.0497 8247.06 
-47.9319 8286.73 
-46.1227 8326.04 
-54.4204 8365.2 
-51.235 8406.06 
-48.0516 8446.54 
-46.0035 8486.63 
-55.9723 8526.54 
-52.731 8568.46 
-49.4685 8610 
-46.3998 8651.14 
-51.3795 8691.91 
-48.0856 8733.79 
-45.8838 8775.28 
-57.7442 8816.56 
-54.4002 8860.2 
-51.03 8903.44 
-47.668 8946.28 
-46.11 8988.71 
-54.3336 9031.06 
-50.8994 9075.11 
-47.4789 9118.75 
-46.3209 9161.98 
-51.9165 9205.21 
-48.4216 9249.66 
-45.6555 9293.69 
-62.0127 9337.42 
-58.4877 9384.35 
-54.9342 9430.86 
-51.3524 9476.95 
-47.7662 9522.61 
-45.7899 9567.83 
-59.1332 9612.92 
-55.4964 9660.64 
-51.8305 9707.94 
-48.1491 9754.8 
-45.4843 9801.21 
-66.0958 9847.36 
-62.3935 9897.49 
-58.6608 9947.18 
-54.8978 9996.44 
