-50.4386 32.5467 
-50.4394 32.5448 
-50.4402 32.5431 
-50.4409 32.5416 
-50.4415 32.5401 
-50.4421 32.5387 
-50.4426 32.5375 
-50.4431 32.5363 
-50.4435 32.5352 
-50.444 32.5342 
-50.4443 32.5333 
-50.4447 32.5324 
-50.445 32.5316 
-50.4453 32.5309 
-50.4456 32.5302 
-50.4458 32.5295 
-50.4461 32.5289 
-50.4463 32.5283 
-50.4465 32.5278 
-50.4467 32.5273 
-50.4468 32.5268 
-50.447 32.5264 
-50.4471 32.526 
-50.4473 32.5256 
-50.4474 32.5252 
-50.4475 32.5248 
-50.4476 32.5245 
-50.4477 32.5242 
-50.4478 32.5239 
-50.4478 32.5236 
-50.4479 32.5233 
-50.448 32.523 
-50.448 32.5228 
-50.4481 32.5225 
-50.4482 32.5223 
-50.4482 32.5221 
-50.4482 32.5219 
-50.4483 32.5217 
-50.4483 32.5215 
-50.4484 32.5213 
-50.4484 32.5211 
-50.4484 32.5209 
-50.4485 32.5207 
-50.4485 32.5205 
-50.4485 32.5203 
-50.4485 32.5202 
-50.4485 32.52 
-50.4486 32.5198 
-50.4486 32.5197 
-50.4486 32.5195 
-50.4486 32.5193 
-50.4486 32.5192 
-50.4486 32.519 
-50.4486 32.5189 
-50.4487 32.5187 
-50.4487 32.5186 
-50.4487 32.5184 
-50.4487 32.5183 
-50.4487 32.5181 
-50.4487 32.518 
-50.4487 32.5178 
-50.4487 32.5177 
-50.4487 32.5175 
-50.4487 32.5174 
-50.4487 32.5172 
-50.4487 32.5171 
-50.4487 32.5169 
-50.4487 32.5168 
-50.4487 32.5166 
-50.4487 32.5165 
-50.4487 32.5164 
-50.4487 32.5162 
-50.4488 32.5161 
-50.4488 32.5159 
-50.4488 32.5158 
-50.4488 32.5156 
-50.4488 32.5155 
-50.4488 32.5153 
-50.4488 32.5152 
-50.4488 32.515 
-50.4488 32.5149 
-50.4488 32.5147 
-50.4488 32.5146 
-50.4488 32.5144 
-50.4488 32.5143 
-50.4488 32.5141 
-50.4488 32.514 
-50.4488 32.5138 
-50.4488 32.5137 
-50.4488 32.5135 
-50.4488 32.5134 
-50.4488 32.5132 
-50.4488 32.5131 
-50.4488 32.5129 
-50.4488 32.5127 
-50.4488 32.5126 
-50.4488 32.5124 
-50.4488 32.5123 
-50.4488 32.5121 
-50.4488 32.512 
-50.4488 32.5118 
-50.4488 32.5116 
-50.4488 32.5115 
-50.4488 32.5113 
-50.4488 32.5112 
-50.4488 32.511 
-50.4488 32.5108 
-50.4488 32.5107 
-50.4488 32.5105 
-50.4488 32.5103 
-50.4488 32.5102 
-50.4488 32.51 
-50.4488 32.5099 
-50.4488 32.5097 
-50.4488 32.5095 
-50.4488 32.5093 
-50.4488 32.5092 
-50.4488 32.509 
-50.4488 32.5088 
-50.4488 32.5087 
-50.4488 32.5085 
-50.4488 32.5083 
-50.4488 32.5082 
-50.4488 32.508 
-50.4488 32.5078 
-50.4488 32.5076 
-50.4488 32.5075 
-50.4488 32.5073 
-50.4488 32.5071 
-50.4488 32.5069 
-50.4488 32.5067 
-50.4488 32.5066 
-50.4488 32.5064 
-50.4488 32.5062 
-50.4488 32.506 
-50.4488 32.5058 
-50.4488 32.5057 
-50.4488 32.5055 
-50.4488 32.5053 
-50.4488 32.5051 
-50.4488 32.5049 
-50.4488 32.5047 
-50.4488 32.5045 
-50.4488 32.5044 
-50.4488 32.5042 
-50.4488 32.504 
-50.4488 32.5038 
-50.4488 32.5036 
-50.4488 32.5034 
-50.4488 32.5032 
-50.4488 32.503 
-50.4488 32.5028 
-50.4488 32.5026 
-50.4488 32.5024 
-50.4488 32.5022 
-50.4488 32.502 
-50.4488 32.5018 
-50.4488 32.5016 
-50.4488 32.5014 
-50.4488 32.5012 
-50.4488 32.501 
-50.4488 32.5008 
-50.4488 32.5006 
-50.4488 32.5004 
-50.4488 32.5002 
-50.4489 32.5 
-50.4489 32.4998 
-50.4489 32.4996 
-50.4489 32.4994 
-50.4489 32.4992 
-50.4489 32.499 
-50.4489 32.4988 
-50.4489 32.4986 
-50.4489 32.4983 
-50.4489 32.4981 
-50.4489 32.4979 
-50.4489 32.4977 
-50.4489 32.4975 
-50.4489 32.4973 
-50.4489 32.4971 
-50.4489 32.4968 
-50.4489 32.4966 
-50.4489 32.4964 
-50.4489 32.4962 
-50.4489 32.496 
-50.4489 32.4957 
-50.4489 32.4955 
-50.4489 32.4953 
-50.4489 32.4951 
-50.4489 32.4948 
-50.4489 32.4946 
-50.4489 32.4944 
-50.4489 32.4942 
-50.4489 32.4939 
-50.4489 32.4937 
-50.4489 32.4935 
-50.4489 32.4932 
-50.4489 32.493 
-50.4489 32.4928 
-50.4489 32.4925 
-50.4489 32.4923 
-50.4489 32.4921 
-50.4489 32.4918 
-50.4489 32.4916 
-50.4489 32.4913 
-50.4489 32.4911 
-50.4489 32.4909 
-50.4489 32.4906 
-50.4489 32.4904 
-50.4489 32.4901 
-50.4489 32.4899 
-50.4489 32.4896 
-50.4489 32.4894 
-50.4489 32.4891 
-50.4489 32.4889 
-50.4489 32.4886 
-50.4489 32.4884 
-50.4489 32.4881 
-50.4489 32.4879 
-50.4489 32.4876 
-50.4489 32.4874 
-50.4489 32.4871 
-50.4489 32.4868 
-50.4489 32.4866 
-50.4489 32.4863 
-50.4489 32.4861 
-50.4489 32.4858 
-50.4489 32.4855 
-50.4489 32.4853 
-50.4489 32.485 
-50.4489 32.4847 
-50.4489 32.4845 
-50.4489 32.4842 
-50.4489 32.4839 
-50.4489 32.4837 
-50.4489 32.4834 
-50.4489 32.4831 
-50.4489 32.4828 
-50.4489 32.4826 
-50.4489 32.4823 
-50.4489 32.482 
-50.4489 32.4817 
-50.4489 32.4815 
-50.4489 32.4812 
-50.4489 32.4809 
-50.4489 32.4806 
-50.4489 32.4803 
-50.4489 32.48 
-50.4489 32.4798 
-50.4489 32.4795 
-50.4489 32.4792 
-50.4489 32.4789 
-50.4489 32.4786 
-50.4489 32.4783 
-50.4489 32.478 
-50.4489 32.4777 
-50.449 32.4774 
-50.449 32.4771 
-50.449 32.4768 
-50.449 32.4765 
-50.449 32.4762 
-50.449 32.4759 
-50.449 32.4756 
-50.449 32.4753 
-50.449 32.475 
-50.449 32.4747 
-50.449 32.4744 
-50.449 32.4741 
-50.449 32.4738 
-50.449 32.4735 
-50.449 32.4732 
-50.449 32.4728 
-50.449 32.4725 
-50.449 32.4722 
-50.449 32.4719 
-50.449 32.4716 
-50.449 32.4713 
-50.449 32.4709 
-50.449 32.4706 
-50.449 32.4703 
-50.449 32.47 
-50.449 32.4696 
-50.449 32.4693 
-50.449 32.469 
-50.449 32.4687 
-50.449 32.4683 
-50.449 32.468 
-50.449 32.4677 
-50.449 32.4673 
-50.449 32.467 
-50.449 32.4666 
-50.449 32.4663 
-50.449 32.466 
-50.449 32.4656 
-50.449 32.4653 
-50.449 32.4649 
-50.449 32.4646 
-50.449 32.4642 
-50.449 32.4639 
-50.449 32.4635 
-50.449 32.4632 
-50.449 32.4628 
-50.449 32.4625 
-50.449 32.4621 
-50.449 32.4618 
-50.449 32.4614 
-50.449 32.461 
-50.449 32.4607 
-50.449 32.4603 
-50.449 32.4599 
-50.449 32.4596 
-50.449 32.4592 
-50.449 32.4588 
-50.449 32.4585 
-50.449 32.4581 
-50.449 32.4577 
-50.449 32.4573 
-50.449 32.457 
-50.449 32.4566 
-50.449 32.4562 
-50.449 32.4558 
-50.449 32.4554 
-50.4491 32.4551 
-50.4491 32.4547 
-50.4491 32.4543 
-50.4491 32.4539 
-50.4491 32.4535 
-50.4491 32.4531 
-50.4491 32.4527 
-50.4491 32.4523 
-50.4491 32.4519 
-50.4491 32.4515 
-50.4491 32.4511 
-50.4491 32.4507 
-50.4491 32.4503 
-50.4491 32.4499 
-50.4491 32.4495 
-50.4491 32.4491 
-50.4491 32.4487 
-50.4491 32.4483 
-50.4491 32.4478 
-50.4491 32.4474 
-50.4491 32.447 
-50.4491 32.4466 
-50.4491 32.4462 
-50.4491 32.4458 
-50.4491 32.4453 
-50.4491 32.4449 
-50.4491 32.4445 
-50.4491 32.444 
-50.4491 32.4436 
-50.4491 32.4432 
-50.4491 32.4428 
-50.4491 32.4423 
-50.4491 32.4419 
-50.4491 32.4414 
-50.4491 32.441 
-50.4491 32.4406 
-50.4491 32.4401 
-50.4491 32.4397 
-50.4491 32.4392 
-50.4491 32.4388 
-50.4491 32.4383 
-50.4491 32.4379 
-50.4491 32.4374 
-50.4491 32.437 
-50.4491 32.4365 
-50.4491 32.436 
-50.4491 32.4356 
-50.4491 32.4351 
-50.4491 32.4346 
-50.4491 32.4342 
-50.4491 32.4337 
-50.4491 32.4332 
-50.4492 32.4328 
-50.4492 32.4323 
-50.4492 32.4318 
-50.4492 32.4313 
-50.4492 32.4308 
-50.4492 32.4304 
-50.4492 32.4299 
-50.4492 32.4294 
-50.4492 32.4289 
-50.4492 32.4284 
-50.4492 32.4279 
-50.4492 32.4274 
-50.4492 32.4269 
-50.4492 32.4264 
-50.4492 32.4259 
-50.4492 32.4254 
-50.4492 32.4249 
-50.4492 32.4244 
-50.4492 32.4239 
-50.4492 32.4234 
-50.4492 32.4229 
-50.4492 32.4223 
-50.4492 32.4218 
-50.4492 32.4213 
-50.4492 32.4208 
-50.4492 32.4203 
-50.4492 32.4197 
-50.4492 32.4192 
-50.4492 32.4187 
-50.4492 32.4181 
-50.4492 32.4176 
-50.4492 32.4171 
-50.4492 32.4165 
-50.4492 32.416 
-50.4492 32.4155 
-50.4492 32.4149 
-50.4492 32.4144 
-50.4492 32.4138 
-50.4492 32.4133 
-50.4492 32.4127 
-50.4492 32.4121 
-50.4492 32.4116 
-50.4492 32.411 
-50.4492 32.4105 
-50.4492 32.4099 
-50.4493 32.4093 
-50.4493 32.4088 
-50.4493 32.4082 
-50.4493 32.4076 
-50.4493 32.407 
-50.4493 32.4065 
-50.4493 32.4059 
-50.4493 32.4053 
-50.4493 32.4047 
-50.4493 32.4041 
-50.4493 32.4035 
-50.4493 32.4029 
-50.4493 32.4023 
-50.4493 32.4017 
-50.4493 32.4011 
-50.4493 32.4005 
-50.4493 32.3999 
-50.4493 32.3993 
-50.4493 32.3987 
-50.4493 32.3981 
-50.4493 32.3975 
-50.4493 32.3969 
-50.4493 32.3963 
-50.4493 32.3956 
-50.4493 32.395 
-50.4493 32.3944 
-50.4493 32.3937 
-50.4493 32.3931 
-50.4493 32.3925 
-50.4493 32.3918 
-50.4493 32.3912 
-50.4493 32.3906 
-50.4493 32.3899 
-50.4493 32.3893 
-50.4493 32.3886 
-50.4493 32.388 
-50.4494 32.3873 
-50.4494 32.3867 
-50.4494 32.386 
-50.4494 32.3853 
-50.4494 32.3847 
-50.4494 32.384 
-50.4494 32.3833 
-50.4494 32.3826 
-50.4494 32.382 
-50.4494 32.3813 
-50.4494 32.3806 
-50.4494 32.3799 
-50.4494 32.3792 
-50.4494 32.3785 
-50.4494 32.3778 
-50.4494 32.3772 
-50.4494 32.3765 
-50.4494 32.3758 
-50.4494 32.375 
-50.4494 32.3743 
-50.4494 32.3736 
-50.4494 32.3729 
-50.4494 32.3722 
-50.4494 32.3715 
-50.4494 32.3708 
-50.4494 32.37 
-50.4494 32.3693 
-50.4494 32.3686 
-50.4494 32.3678 
-50.4494 32.3671 
-50.4494 32.3664 
-50.4494 32.3656 
-50.4495 32.3649 
-50.4495 32.3641 
-50.4495 32.3634 
-50.4495 32.3626 
-50.4495 32.3619 
-50.4495 32.3611 
-50.4495 32.3603 
-50.4495 32.3596 
-50.4495 32.3588 
-50.4495 32.358 
-50.4495 32.3573 
-50.4495 32.3565 
-50.4495 32.3557 
-50.4495 32.3549 
-50.4495 32.3541 
-50.4495 32.3533 
-50.4495 32.3525 
-50.4495 32.3517 
-50.4495 32.3509 
-50.4495 32.3501 
-50.4495 32.3493 
-50.4495 32.3485 
-50.4495 32.3477 
-50.4495 32.3469 
-50.4495 32.3461 
-50.4495 32.3453 
-50.4495 32.3444 
-50.4495 32.3436 
-50.4495 32.3428 
-50.4496 32.3419 
-50.4496 32.3411 
-50.4496 32.3402 
-50.4496 32.3394 
-50.4496 32.3385 
-50.4496 32.3377 
-50.4496 32.3368 
-50.4496 32.336 
-50.4496 32.3351 
-50.4496 32.3342 
-50.4496 32.3334 
-50.4496 32.3325 
-50.4496 32.3316 
-50.4496 32.3307 
-50.4496 32.3299 
-50.4496 32.329 
-50.4496 32.3281 
-50.4496 32.3272 
-50.4496 32.3263 
-50.4496 32.3254 
-50.4496 32.3245 
-50.4496 32.3236 
-50.4496 32.3226 
-50.4496 32.3217 
-50.4496 32.3208 
-50.4496 32.3199 
-50.4497 32.319 
-50.4497 32.318 
-50.4497 32.3171 
-50.4497 32.3161 
-50.4497 32.3152 
-50.4497 32.3143 
-50.4497 32.3133 
-50.4497 32.3123 
-50.4497 32.3114 
-50.4497 32.3104 
-50.4497 32.3095 
-50.4497 32.3085 
-50.4497 32.3075 
-50.4497 32.3065 
-50.4497 32.3056 
-50.4497 32.3046 
-50.4497 32.3036 
-50.4497 32.3026 
-50.4497 32.3016 
-50.4497 32.3006 
-50.4497 32.2996 
-50.4497 32.2986 
-50.4497 32.2976 
-50.4498 32.2965 
-50.4498 32.2955 
-50.4498 32.2945 
-50.4498 32.2935 
-50.4498 32.2924 
-50.4498 32.2914 
-50.4498 32.2903 
-50.4498 32.2893 
-50.4498 32.2882 
-50.4498 32.2872 
-50.4498 32.2861 
-50.4498 32.2851 
-50.4498 32.284 
-50.4498 32.2829 
-50.4498 32.2818 
-50.4498 32.2808 
-50.4498 32.2797 
-50.4498 32.2786 
-50.4498 32.2775 
-50.4498 32.2764 
-50.4498 32.2753 
-50.4499 32.2742 
-50.4499 32.2731 
-50.4499 32.272 
-50.4499 32.2708 
-50.4499 32.2697 
-50.4499 32.2686 
-50.4499 32.2675 
-50.4499 32.2663 
-50.4499 32.2652 
-50.4499 32.264 
-50.4499 32.2629 
-50.4499 32.2617 
-50.4499 32.2606 
-50.4499 32.2594 
-50.4499 32.2582 
-50.4499 32.257 
-50.4499 32.2559 
-50.4499 32.2547 
-50.4499 32.2535 
-50.45 32.2523 
-50.45 32.2511 
-50.45 32.2499 
-50.45 32.2487 
-50.45 32.2475 
-50.45 32.2462 
-50.45 32.245 
-50.45 32.2438 
-50.45 32.2426 
-50.45 32.2413 
-50.45 32.2401 
-50.45 32.2388 
-50.45 32.2376 
-50.45 32.2363 
-50.45 32.2351 
-50.45 32.2338 
-50.45 32.2325 
-50.45 32.2312 
-50.4501 32.2299 
-50.4501 32.2287 
-50.4501 32.2274 
-50.4501 32.2261 
-50.4501 32.2248 
-50.4501 32.2234 
-50.4501 32.2221 
-50.4501 32.2208 
-50.4501 32.2195 
-50.4501 32.2182 
-50.4501 32.2168 
-50.4501 32.2155 
-50.4501 32.2141 
-50.4501 32.2128 
-50.4501 32.2114 
-50.4501 32.2101 
-50.4501 32.2087 
-50.4501 32.2073 
-50.4502 32.2059 
-50.4502 32.2046 
-50.4502 32.2032 
-50.4502 32.2018 
-50.4502 32.2004 
-50.4502 32.199 
-50.4502 32.1975 
-50.4502 32.1961 
-50.4502 32.1947 
-50.4502 32.1933 
-50.4502 32.1918 
-50.4502 32.1904 
-50.4502 32.1889 
-50.4502 32.1875 
-50.4502 32.186 
-50.4502 32.1846 
-50.4503 32.1831 
-50.4503 32.1816 
-50.4503 32.1801 
-50.4503 32.1786 
-50.4503 32.1771 
-50.4503 32.1756 
-50.4503 32.1741 
-50.4503 32.1726 
-50.4503 32.1711 
-50.4503 32.1696 
-50.4503 32.1681 
-50.4503 32.1665 
-50.4503 32.165 
-50.4503 32.1634 
-50.4504 32.1619 
-50.4504 32.1603 
-50.4504 32.1587 
-50.4504 32.1572 
-50.4504 32.1556 
-50.4504 32.154 
-50.4504 32.1524 
-50.4504 32.1508 
-50.4504 32.1492 
-50.4504 32.1476 
-50.4504 32.146 
-50.4504 32.1443 
-50.4504 32.1427 
-50.4504 32.1411 
-50.4505 32.1394 
-50.4505 32.1378 
-50.4505 32.1361 
-50.4505 32.1344 
-50.4505 32.1328 
-50.4505 32.1311 
-50.4505 32.1294 
-50.4505 32.1277 
-50.4505 32.126 
-50.4505 32.1243 
-50.4505 32.1226 
-50.4505 32.1209 
-50.4505 32.1192 
-50.4506 32.1174 
-50.4506 32.1157 
-50.4506 32.1139 
-50.4506 32.1122 
-50.4506 32.1104 
-50.4506 32.1087 
-50.4506 32.1069 
-50.4506 32.1051 
-50.4506 32.1033 
-50.4506 32.1015 
-50.4506 32.0997 
-50.4506 32.0979 
-50.4506 32.0961 
-50.4507 32.0942 
-50.4507 32.0924 
-50.4507 32.0906 
-50.4507 32.0887 
-50.4507 32.0869 
-50.4507 32.085 
-50.4507 32.0831 
-50.4507 32.0813 
-50.4507 32.0794 
-50.4507 32.0775 
-50.4507 32.0756 
-50.4507 32.0737 
-50.4508 32.0718 
-50.4508 32.0698 
-50.4508 32.0679 
-50.4508 32.066 
-50.4508 32.064 
-50.4508 32.0621 
-50.4508 32.0601 
-50.4508 32.0581 
-50.4508 32.0562 
-50.4508 32.0542 
-50.4508 32.0522 
-50.4508 32.0502 
-50.4509 32.0482 
-50.4509 32.0461 
-50.4509 32.0441 
-50.4509 32.0421 
-50.4509 32.04 
-50.4509 32.038 
-50.4509 32.0359 
-50.4509 32.0339 
-50.4509 32.0318 
-50.4509 32.0297 
-50.4509 32.0276 
-50.451 32.0255 
-50.451 32.0234 
-50.451 32.0213 
-50.451 32.0192 
-50.451 32.017 
-50.451 32.0149 
-50.451 32.0127 
-50.451 32.0106 
-50.451 32.0084 
-50.451 32.0062 
-50.4511 32.0041 
-50.4511 32.0019 
-50.4511 31.9997 
-50.4511 31.9974 
-50.4511 31.9952 
-50.4511 31.993 
-50.4511 31.9908 
-50.4511 31.9885 
-50.4511 31.9862 
-50.4511 31.984 
-50.4512 31.9817 
-50.4512 31.9794 
-50.4512 31.9771 
-50.4512 31.9748 
-50.4512 31.9725 
-50.4512 31.9702 
-50.4512 31.9679 
-50.4512 31.9655 
-50.4512 31.9632 
-50.4512 31.9608 
-50.4513 31.9584 
-50.4513 31.9561 
-50.4513 31.9537 
-50.4513 31.9513 
-50.4513 31.9489 
-50.4513 31.9465 
-50.4513 31.944 
-50.4513 31.9416 
-50.4513 31.9392 
-50.4514 31.9367 
-50.4514 31.9342 
-50.4514 31.9318 
-50.4514 31.9293 
-50.4514 31.9268 
-50.4514 31.9243 
-50.4514 31.9218 
-50.4514 31.9192 
-50.4514 31.9167 
-50.4515 31.9142 
-50.4515 31.9116 
-50.4515 31.909 
-50.4515 31.9065 
-50.4515 31.9039 
-50.4515 31.9013 
-50.4515 31.8987 
-50.4515 31.8961 
-50.4515 31.8934 
-50.4516 31.8908 
-50.4516 31.8882 
-50.4516 31.8855 
-50.4516 31.8828 
-50.4516 31.8801 
-50.4516 31.8775 
-50.4516 31.8748 
-50.4516 31.872 
-50.4517 31.8693 
-50.4517 31.8666 
-50.4517 31.8638 
-50.4517 31.8611 
-50.4517 31.8583 
-50.4517 31.8555 
-50.4517 31.8527 
-50.4517 31.8499 
-50.4518 31.8471 
-50.4518 31.8443 
-50.4518 31.8415 
-50.4518 31.8386 
-50.4518 31.8358 
-50.4518 31.8329 
-50.4518 31.83 
-50.4518 31.8271 
-50.4519 31.8242 
-50.4519 31.8213 
-50.4519 31.8184 
-50.4519 31.8154 
-50.4519 31.8125 
-50.4519 31.8095 
-50.4519 31.8066 
-50.4519 31.8036 
-50.452 31.8006 
-50.452 31.7976 
-50.452 31.7945 
-50.452 31.7915 
-50.452 31.7885 
-50.452 31.7854 
-50.452 31.7823 
-50.4521 31.7792 
-50.4521 31.7761 
-50.4521 31.773 
-50.4521 31.7699 
-50.4521 31.7668 
-50.4521 31.7636 
-50.4521 31.7605 
-50.4521 31.7573 
-50.4522 31.7541 
-50.4522 31.7509 
-50.4522 31.7477 
-50.4522 31.7445 
-50.4522 31.7413 
-50.4522 31.738 
-50.4523 31.7348 
-50.4523 31.7315 
-50.4523 31.7282 
-50.4523 31.7249 
-50.4523 31.7216 
-50.4523 31.7183 
-50.4523 31.7149 
-50.4524 31.7116 
-50.4524 31.7082 
-50.4524 31.7048 
-50.4524 31.7014 
-50.4524 31.698 
-50.4524 31.6946 
-50.4524 31.6912 
-50.4525 31.6877 
-50.4525 31.6843 
-50.4525 31.6808 
-50.4525 31.6773 
-50.4525 31.6738 
-50.4525 31.6703 
-50.4526 31.6667 
-50.4526 31.6632 
-50.4526 31.6596 
-50.4526 31.6561 
-50.4526 31.6525 
-50.4526 31.6489 
-50.4526 31.6452 
-50.4527 31.6416 
-50.4527 31.638 
-50.4527 31.6343 
-50.4527 31.6306 
-50.4527 31.6269 
-50.4527 31.6232 
-50.4528 31.6195 
-50.4528 31.6158 
-50.4528 31.612 
-50.4528 31.6083 
-50.4528 31.6045 
-50.4528 31.6007 
-50.4529 31.5969 
-50.4529 31.593 
-50.4529 31.5892 
-50.4529 31.5853 
-50.4529 31.5815 
-50.4529 31.5776 
-50.453 31.5737 
-50.453 31.5698 
-50.453 31.5658 
-50.453 31.5619 
-50.453 31.5579 
-50.4531 31.5539 
-50.4531 31.5499 
-50.4531 31.5459 
-50.4531 31.5419 
-50.4531 31.5378 
-50.4531 31.5338 
-50.4532 31.5297 
-50.4532 31.5256 
-50.4532 31.5215 
-50.4532 31.5174 
-50.4532 31.5132 
-50.4533 31.5091 
-50.4533 31.5049 
-50.4533 31.5007 
-50.4533 31.4965 
-50.4533 31.4922 
-50.4534 31.488 
-50.4534 31.4837 
-50.4534 31.4795 
-50.4534 31.4752 
-50.4534 31.4708 
-50.4534 31.4665 
-50.4535 31.4622 
-50.4535 31.4578 
-50.4535 31.4534 
-50.4535 31.449 
-50.4535 31.4446 
-50.4536 31.4402 
-50.4536 31.4357 
-50.4536 31.4312 
-50.4536 31.4267 
-50.4536 31.4222 
-50.4537 31.4177 
-50.4537 31.4132 
-50.4537 31.4086 
-50.4537 31.404 
-50.4537 31.3994 
-50.4538 31.3948 
-50.4538 31.3902 
-50.4538 31.3855 
-50.4538 31.3808 
-50.4538 31.3762 
-50.4539 31.3714 
-50.4539 31.3667 
-50.4539 31.362 
-50.4539 31.3572 
-50.454 31.3524 
-50.454 31.3476 
-50.454 31.3428 
-50.454 31.3379 
-50.454 31.3331 
-50.4541 31.3282 
-50.4541 31.3233 
-50.4541 31.3184 
-50.4541 31.3134 
-50.4541 31.3085 
-50.4542 31.3035 
-50.4542 31.2985 
-50.4542 31.2935 
-50.4542 31.2884 
-50.4543 31.2834 
-50.4543 31.2783 
-50.4543 31.2732 
-50.4543 31.2681 
-50.4544 31.2629 
-50.4544 31.2577 
-50.4544 31.2526 
-50.4544 31.2474 
-50.4544 31.2421 
-50.4545 31.2369 
-50.4545 31.2316 
-50.4545 31.2263 
-50.4545 31.221 
-50.4546 31.2157 
-50.4546 31.2103 
-50.4546 31.205 
-50.4546 31.1996 
-50.4547 31.1941 
-50.4547 31.1887 
-50.4547 31.1832 
-50.4547 31.1778 
-50.4548 31.1723 
-50.4548 31.1667 
-50.4548 31.1612 
-50.4548 31.1556 
-50.4549 31.15 
-50.4549 31.1444 
-50.4549 31.1388 
-50.4549 31.1331 
-50.455 31.1274 
-50.455 31.1217 
-50.455 31.116 
-50.455 31.1102 
-50.4551 31.1045 
-50.4551 31.0987 
-50.4551 31.0928 
-50.4551 31.087 
-50.4552 31.0811 
-50.4552 31.0752 
-50.4552 31.0693 
-50.4552 31.0634 
-50.4553 31.0574 
-50.4553 31.0514 
-50.4553 31.0454 
-50.4553 31.0394 
-50.4554 31.0333 
-50.4554 31.0272 
-50.4554 31.0211 
-50.4555 31.015 
-50.4555 31.0088 
-50.4555 31.0027 
-50.4555 30.9964 
-50.4556 30.9902 
-50.4556 30.984 
-50.4556 30.9777 
-50.4557 30.9714 
-50.4557 30.965 
-50.4557 30.9587 
-50.4557 30.9523 
-50.4558 30.9459 
-50.4558 30.9395 
-50.4558 30.933 
-50.4559 30.9265 
-50.4559 30.92 
-50.4559 30.9135 
-50.4559 30.9069 
-50.456 30.9003 
-50.456 30.8937 
-50.456 30.8871 
-50.4561 30.8804 
-50.4561 30.8737 
-50.4561 30.867 
-50.4562 30.8602 
-50.4562 30.8534 
-50.4562 30.8466 
-50.4562 30.8398 
-50.4563 30.833 
-50.4563 30.8261 
-50.4563 30.8192 
-50.4564 30.8122 
-50.4564 30.8052 
-50.4564 30.7983 
-50.4565 30.7912 
-50.4565 30.7842 
-50.4565 30.7771 
-50.4566 30.77 
-50.4566 30.7628 
-50.4566 30.7557 
-50.4566 30.7485 
-50.4567 30.7413 
-50.4567 30.734 
-50.4567 30.7267 
-50.4568 30.7194 
-50.4568 30.7121 
-50.4568 30.7047 
-50.4569 30.6973 
-50.4569 30.6899 
-50.4569 30.6824 
-50.457 30.6749 
-50.457 30.6674 
-50.457 30.6599 
-50.4571 30.6523 
-50.4571 30.6447 
-50.4571 30.637 
-50.4572 30.6294 
-50.4572 30.6217 
-50.4573 30.6139 
-50.4573 30.6062 
-50.4573 30.5984 
-50.4574 30.5906 
-50.4574 30.5827 
-50.4574 30.5748 
-50.4575 30.5669 
-50.4575 30.559 
-50.4575 30.551 
-50.4576 30.543 
-50.4576 30.5349 
-50.4576 30.5268 
-50.4577 30.5187 
-50.4577 30.5106 
-50.4578 30.5024 
-50.4578 30.4942 
-50.4578 30.4859 
-50.4579 30.4777 
-50.4579 30.4694 
-50.4579 30.461 
-50.458 30.4527 
-50.458 30.4442 
-50.458 30.4358 
-50.4581 30.4273 
-50.4581 30.4188 
-50.4582 30.4103 
-50.4582 30.4017 
-50.4582 30.3931 
-50.4583 30.3844 
-50.4583 30.3758 
-50.4584 30.367 
-50.4584 30.3583 
-50.4584 30.3495 
-50.4585 30.3407 
-50.4585 30.3318 
-50.4586 30.3229 
-50.4586 30.314 
-50.4586 30.3051 
-50.4587 30.2961 
-50.4587 30.287 
-50.4588 30.278 
-50.4588 30.2688 
-50.4588 30.2597 
-50.4589 30.2505 
-50.4589 30.2413 
-50.459 30.2321 
-50.459 30.2228 
-50.459 30.2134 
-50.4591 30.2041 
-50.4591 30.1947 
-50.4592 30.1852 
-50.4592 30.1758 
-50.4593 30.1662 
-50.4593 30.1567 
-50.4593 30.1471 
-50.4594 30.1375 
-50.4594 30.1278 
-50.4595 30.1181 
-50.4595 30.1083 
-50.4596 30.0986 
-50.4596 30.0887 
-50.4596 30.0789 
-50.4597 30.069 
-50.4597 30.059 
-50.4598 30.049 
-50.4598 30.039 
-50.4599 30.0289 
-50.4599 30.0188 
-50.46 30.0087 
-50.46 29.9985 
-50.4601 29.9883 
-50.4601 29.978 
-50.4601 29.9677 
-50.4602 29.9574 
-50.4602 29.947 
-50.4603 29.9366 
-50.4603 29.9261 
-50.4604 29.9156 
-50.4604 29.905 
-50.4605 29.8944 
-50.4605 29.8838 
-50.4606 29.8731 
-50.4606 29.8624 
-50.4607 29.8516 
-50.4607 29.8408 
-50.4608 29.8299 
-50.4608 29.819 
-50.4609 29.8081 
-50.4609 29.7971 
-50.461 29.7861 
-50.461 29.775 
-50.4611 29.7639 
-50.4611 29.7527 
-50.4612 29.7415 
-50.4612 29.7303 
-50.4613 29.719 
-50.4613 29.7076 
-50.4614 29.6962 
-50.4614 29.6848 
-50.4615 29.6733 
-50.4615 29.6618 
-50.4616 29.6502 
-50.4616 29.6386 
-50.4617 29.6269 
-50.4617 29.6152 
-50.4618 29.6035 
-50.4618 29.5917 
-50.4619 29.5798 
-50.4619 29.5679 
-50.462 29.556 
-50.4621 29.544 
-50.4621 29.5319 
-50.4622 29.5198 
-50.4622 29.5077 
-50.4623 29.4955 
-50.4623 29.4833 
-50.4624 29.471 
-50.4624 29.4587 
-50.4625 29.4463 
-50.4625 29.4338 
-50.4626 29.4214 
-50.4627 29.4088 
-50.4627 29.3962 
-50.4628 29.3836 
-50.4628 29.3709 
-50.4629 29.3582 
-50.4629 29.3454 
-50.463 29.3326 
-50.4631 29.3197 
-50.4631 29.3068 
-50.4632 29.2938 
-50.4632 29.2807 
-50.4633 29.2676 
-50.4634 29.2545 
-50.4634 29.2413 
-50.4635 29.228 
-50.4635 29.2147 
-50.4636 29.2014 
-50.4637 29.188 
-50.4637 29.1745 
-50.4638 29.161 
-50.4638 29.1474 
-50.4639 29.1338 
-50.464 29.1201 
-50.464 29.1063 
-50.4641 29.0926 
-50.4641 29.0787 
-50.4642 29.0648 
-50.4643 29.0509 
-50.4643 29.0368 
-50.4644 29.0228 
-50.4645 29.0086 
-50.4645 28.9945 
-50.4646 28.9802 
-50.4647 28.9659 
-50.4647 28.9516 
-50.4648 28.9372 
-50.4649 28.9227 
-50.4649 28.9082 
-50.465 28.8936 
-50.465 28.8789 
-50.4651 28.8642 
-50.4652 28.8495 
-50.4652 28.8347 
-50.4653 28.8198 
-50.4654 28.8049 
-50.4655 28.7899 
-50.4655 28.7748 
-50.4656 28.7597 
-50.4657 28.7445 
-50.4657 28.7293 
-50.4658 28.714 
-50.4659 28.6986 
-50.4659 28.6832 
-50.466 28.6677 
-50.4661 28.6522 
-50.4661 28.6366 
-50.4662 28.6209 
-50.4663 28.6052 
-50.4664 28.5894 
-50.4664 28.5735 
-50.4665 28.5576 
-50.4666 28.5416 
-50.4666 28.5256 
-50.4667 28.5095 
-50.4668 28.4933 
-50.4669 28.477 
-50.4669 28.4607 
-50.467 28.4444 
-50.4671 28.4279 
-50.4672 28.4114 
-50.4672 28.3949 
-50.4673 28.3782 
-50.4674 28.3615 
-50.4675 28.3448 
-50.4675 28.3279 
-50.4676 28.311 
-50.4677 28.2941 
-50.4678 28.277 
-50.4678 28.2599 
-50.4679 28.2427 
-50.468 28.2255 
-50.4681 28.2082 
-50.4682 28.1908 
-50.4682 28.1734 
-50.4683 28.1558 
-50.4684 28.1383 
-50.4685 28.1206 
-50.4686 28.1029 
-50.4686 28.0851 
-50.4687 28.0672 
-50.4688 28.0493 
-50.4689 28.0313 
-50.469 28.0132 
-50.469 27.995 
-50.4691 27.9768 
-50.4692 27.9585 
-50.4693 27.9401 
-50.4694 27.9217 
-50.4695 27.9031 
-50.4696 27.8845 
-50.4696 27.8659 
-50.4697 27.8471 
-50.4698 27.8283 
-50.4699 27.8094 
-50.47 27.7904 
-50.4701 27.7714 
-50.4701 27.7523 
-50.4702 27.7331 
-50.4703 27.7138 
-50.4704 27.6944 
-50.4705 27.675 
-50.4706 27.6555 
-50.4707 27.6359 
-50.4708 27.6163 
-50.4709 27.5965 
-50.4709 27.5767 
-50.471 27.5568 
-50.4711 27.5368 
-50.4712 27.5168 
-50.4713 27.4966 
-50.4714 27.4764 
-50.4715 27.4561 
-50.4716 27.4357 
-50.4717 27.4153 
-50.4718 27.3947 
-50.4719 27.3741 
-50.472 27.3534 
-50.4721 27.3326 
-50.4722 27.3117 
-50.4722 27.2908 
-50.4723 27.2697 
-50.4724 27.2486 
-50.4725 27.2274 
-50.4726 27.2061 
-50.4727 27.1847 
-50.4728 27.1633 
-50.4729 27.1417 
-50.473 27.1201 
-50.4731 27.0984 
-50.4732 27.0765 
-50.4733 27.0547 
-50.4734 27.0327 
-50.4735 27.0106 
-50.4736 26.9884 
-50.4737 26.9662 
-50.4738 26.9439 
-50.4739 26.9214 
-50.474 26.8989 
-50.4741 26.8763 
-50.4742 26.8536 
-50.4743 26.8309 
-50.4744 26.808 
-50.4746 26.785 
-50.4747 26.762 
-50.4748 26.7388 
-50.4749 26.7156 
-50.475 26.6922 
-50.4751 26.6688 
-50.4752 26.6453 
-50.4753 26.6217 
-50.4754 26.598 
-50.4755 26.5742 
-50.4756 26.5503 
-50.4757 26.5263 
-50.4758 26.5022 
-50.476 26.478 
-50.4761 26.4537 
-50.4762 26.4293 
-50.4763 26.4049 
-50.4764 26.3803 
-50.4765 26.3556 
-50.4766 26.3309 
-50.4767 26.306 
-50.4769 26.281 
-50.477 26.256 
-50.4771 26.2308 
-50.4772 26.2055 
-50.4773 26.1802 
-50.4774 26.1547 
-50.4776 26.1291 
-50.4777 26.1035 
-50.4778 26.0777 
-50.4779 26.0518 
-50.478 26.0258 
-50.4781 25.9998 
-50.4783 25.9736 
-50.4784 25.9473 
-50.4785 25.9209 
-50.4786 25.8944 
-50.4787 25.8678 
-50.4789 25.8411 
-50.479 25.8143 
-50.4791 25.7873 
-50.4792 25.7603 
-50.4794 25.7332 
-50.4795 25.7059 
-50.4796 25.6786 
-50.4797 25.6511 
-50.4799 25.6235 
-50.48 25.5958 
-50.4801 25.568 
-50.4803 25.5401 
-50.4804 25.5121 
-50.4805 25.484 
-50.4806 25.4558 
-50.4808 25.4274 
-50.4809 25.3989 
-50.481 25.3704 
-50.4812 25.3417 
-50.4813 25.3129 
-50.4814 25.2839 
-50.4816 25.2549 
-50.4817 25.2258 
-50.4818 25.1965 
-50.482 25.1671 
-50.4821 25.1376 
-50.4822 25.108 
-50.4824 25.0783 
-50.4825 25.0484 
-50.4827 25.0184 
-50.4828 24.9883 
-50.4829 24.9581 
-50.4831 24.9278 
-50.4832 24.8973 
-50.4833 24.8668 
-50.4835 24.8361 
-50.4836 24.8053 
-50.4838 24.7743 
-50.4839 24.7432 
-50.4841 24.7121 
-50.4842 24.6807 
-50.4844 24.6493 
-50.4845 24.6178 
-50.4846 24.5861 
-50.4848 24.5543 
-50.4849 24.5223 
-50.4851 24.4902 
-50.4852 24.4581 
-50.4854 24.4257 
-50.4855 24.3933 
-50.4857 24.3607 
-50.4858 24.328 
-50.486 24.2952 
-50.4861 24.2622 
-50.4863 24.2291 
-50.4864 24.1959 
-50.4866 24.1625 
-50.4868 24.129 
-50.4869 24.0954 
-50.4871 24.0616 
-50.4872 24.0277 
-50.4874 23.9937 
-50.4875 23.9595 
-50.4877 23.9252 
-50.4879 23.8908 
-50.488 23.8562 
-50.4882 23.8215 
-50.4883 23.7866 
-50.4885 23.7516 
-50.4887 23.7165 
-50.4888 23.6812 
-50.489 23.6458 
-50.4892 23.6103 
-50.4893 23.5746 
-50.4895 23.5388 
-50.4897 23.5028 
-50.4898 23.4667 
-50.49 23.4304 
-50.4902 23.394 
-50.4903 23.3575 
-50.4905 23.3208 
-50.4907 23.2839 
-50.4908 23.2469 
-50.491 23.2098 
-50.4912 23.1725 
-50.4914 23.1351 
-50.4915 23.0975 
-50.4917 23.0598 
-50.4919 23.0219 
-50.4921 22.9839 
-50.4922 22.9457 
-50.4924 22.9074 
-50.4926 22.8689 
-50.4928 22.8303 
-50.493 22.7915 
-50.4931 22.7525 
-50.4933 22.7134 
-50.4935 22.6742 
-50.4937 22.6348 
-50.4939 22.5952 
-50.4941 22.5555 
-50.4942 22.5156 
-50.4944 22.4756 
-50.4946 22.4354 
-50.4948 22.395 
-50.495 22.3545 
-50.4952 22.3138 
-50.4954 22.273 
-50.4956 22.232 
-50.4958 22.1908 
-50.496 22.1495 
-50.4962 22.108 
-50.4963 22.0664 
-50.4965 22.0245 
-50.4967 21.9825 
-50.4969 21.9404 
-50.4971 21.8981 
-50.4973 21.8556 
-50.4975 21.8129 
-50.4977 21.7701 
-50.4979 21.7271 
-50.4981 21.684 
-50.4983 21.6406 
-50.4985 21.5971 
-50.4987 21.5534 
-50.499 21.5096 
-50.4992 21.4656 
-50.4994 21.4214 
-50.4996 21.377 
-50.4998 21.3324 
-50.5 21.2877 
-50.5002 21.2428 
-50.5004 21.1977 
-50.5006 21.1524 
-50.5008 21.107 
-50.5011 21.0614 
-50.5013 21.0156 
-50.5015 20.9696 
-50.5017 20.9234 
-50.5019 20.8771 
-50.5021 20.8306 
-50.5024 20.7838 
-50.5026 20.7369 
-50.5028 20.6898 
-50.503 20.6426 
-50.5033 20.5951 
-50.5035 20.5475 
-50.5037 20.4996 
-50.5039 20.4516 
-50.5042 20.4034 
-50.5044 20.355 
-50.5046 20.3064 
-50.5048 20.2576 
-50.5051 20.2086 
-50.5053 20.1594 
-50.5055 20.11 
-50.5058 20.0605 
-50.506 20.0107 
-50.5062 19.9607 
-50.5065 19.9106 
-50.5067 19.8602 
-50.507 19.8097 
-50.5072 19.7589 
-50.5074 19.708 
-50.5077 19.6568 
-50.5079 19.6054 
-50.5082 19.5539 
-50.5084 19.5021 
-50.5087 19.4501 
-50.5089 19.3979 
-50.5092 19.3456 
-50.5094 19.293 
-50.5097 19.2402 
-50.5099 19.1872 
-50.5102 19.1339 
-50.5104 19.0805 
-50.5107 19.0269 
-50.5109 18.973 
-50.5112 18.9189 
-50.5114 18.8647 
-50.5117 18.8102 
-50.512 18.7555 
-50.5122 18.7005 
-50.5125 18.6454 
-50.5127 18.59 
-50.513 18.5345 
-50.5133 18.4787 
-50.5135 18.4226 
-50.5138 18.3664 
-50.5141 18.3099 
-50.5144 18.2533 
-50.5146 18.1963 
-50.5149 18.1392 
-50.5152 18.0819 
-50.5154 18.0243 
-50.5157 17.9665 
-50.516 17.9084 
-50.5163 17.8501 
-50.5166 17.7916 
-50.5168 17.7329 
-50.5171 17.6739 
-50.5174 17.6147 
-50.5177 17.5553 
-50.518 17.4957 
-50.5183 17.4358 
-50.5185 17.3756 
-50.5188 17.3153 
-50.5191 17.2546 
-50.5194 17.1938 
-50.5197 17.1327 
-50.52 17.0714 
-50.5203 17.0098 
-50.5206 16.948 
-50.5209 16.8859 
-50.5212 16.8236 
-50.5215 16.7611 
-50.5218 16.6983 
-50.5221 16.6352 
-50.5224 16.5719 
-50.5227 16.5084 
-50.523 16.4446 
-50.5233 16.3806 
-50.5236 16.3163 
-50.5239 16.2517 
-50.5243 16.1869 
-50.5246 16.1219 
-50.5249 16.0565 
-50.5252 15.991 
-50.5255 15.9251 
-50.5258 15.859 
-50.5262 15.7927 
-50.5265 15.7261 
-50.5268 15.6592 
-50.5271 15.5921 
-50.5275 15.5247 
-50.5278 15.457 
-50.5281 15.3891 
-50.5285 15.3209 
-50.5288 15.2524 
-50.5291 15.1837 
-50.5294 15.1147 
-50.5298 15.0454 
-50.5301 14.9758 
-50.5305 14.906 
-50.5308 14.8359 
-50.5311 14.7655 
-50.5315 14.6949 
-50.5318 14.624 
-50.5322 14.5527 
-50.5325 14.4813 
-50.5329 14.4095 
-50.5332 14.3374 
-50.5336 14.2651 
-50.5339 14.1925 
-50.5343 14.1196 
-50.5346 14.0464 
-50.535 13.9729 
-50.5354 13.8991 
-50.5357 13.8251 
-50.5361 13.7507 
-50.5365 13.6761 
-50.5368 13.6012 
-50.5372 13.5259 
-50.5376 13.4504 
-50.5379 13.3746 
-50.5383 13.2985 
-50.5387 13.222 
-50.5391 13.1453 
-50.5394 13.0683 
-50.5398 12.991 
-50.5402 12.9134 
-50.5406 12.8354 
-50.541 12.7572 
-50.5413 12.6787 
-50.5417 12.5998 
-50.5421 12.5207 
-50.5425 12.4412 
-50.5429 12.3614 
-50.5433 12.2813 
-50.5437 12.2009 
-50.5441 12.1202 
-50.5445 12.0392 
-50.5449 11.9578 
-50.5453 11.8761 
-50.5457 11.7941 
-50.5461 11.7118 
-50.5465 11.6292 
-50.5469 11.5462 
-50.5473 11.4629 
-50.5478 11.3793 
-50.5482 11.2954 
-50.5486 11.2111 
-50.549 11.1265 
-50.5494 11.0416 
-50.5498 10.9563 
-50.5503 10.8707 
-50.5507 10.7848 
-50.5511 10.6985 
-50.5516 10.6119 
-50.552 10.525 
-50.5524 10.4377 
-50.5529 10.3501 
-50.5533 10.2621 
-50.5537 10.1738 
-50.5542 10.0851 
-50.5546 9.99611 
-50.5551 9.90676 
-50.5555 9.81706 
-50.556 9.72701 
-50.5564 9.6366 
-50.5569 9.54585 
-50.5573 9.45473 
-50.5578 9.36327 
-50.5582 9.27144 
-50.5587 9.17926 
-50.5592 9.08671 
-50.5596 8.99381 
-50.5601 8.90054 
-50.5606 8.80691 
-50.561 8.71291 
-50.5615 8.61854 
-50.562 8.52381 
-50.5625 8.42871 
-50.563 8.33324 
-50.5634 8.23739 
-50.5639 8.14117 
-50.5644 8.04458 
-50.5649 7.9476 
-50.5654 7.85026 
-50.5659 7.75253 
-50.5664 7.65442 
-50.5669 7.55592 
-50.5674 7.45705 
-50.5679 7.35779 
-50.5684 7.25814 
-50.5689 7.1581 
-50.5694 7.05768 
-50.5699 6.95686 
-50.5704 6.85565 
-50.5709 6.75405 
-50.5715 6.65205 
-50.572 6.54965 
-50.5725 6.44685 
-50.573 6.34366 
-50.5736 6.24006 
-50.5741 6.13606 
-50.5746 6.03166 
-50.5751 5.92685 
-50.5757 5.82163 
-50.5762 5.71601 
-50.5768 5.60997 
-50.5773 5.50352 
-50.5779 5.39666 
-50.5784 5.28938 
-50.579 5.18169 
-50.5795 5.07357 
-50.5801 4.96504 
-50.5806 4.85608 
-50.5812 4.74671 
-50.5818 4.6369 
-50.5823 4.52668 
-50.5829 4.41602 
-50.5835 4.30493 
-50.584 4.19342 
-50.5846 4.08147 
-50.5852 3.96908 
-50.5858 3.85626 
-50.5864 3.74301 
-50.5869 3.62931 
-50.5875 3.51517 
-50.5881 3.4006 
-50.5887 3.28557 
-50.5893 3.1701 
-50.5899 3.05419 
-50.5905 2.93782 
-50.5911 2.82101 
-50.5917 2.70374 
-50.5924 2.58602 
-50.593 2.46784 
-50.5936 2.3492 
-50.5942 2.23011 
-50.5948 2.11055 
-50.5955 1.99054 
-50.5961 1.87006 
-50.5967 1.74911 
-50.5974 1.62769 
-50.598 1.50581 
-50.5986 1.38345 
-50.5993 1.26062 
-50.5999 1.13732 
-50.6006 1.01354 
-50.6012 0.889285 
-50.6019 0.764548 
-50.6025 0.63933 
-50.6032 0.513628 
-50.6039 0.38744 
-50.6045 0.260766 
-50.6052 0.133603 
-50.6059 0.00595019 
-50.6065 -0.122195 
-50.6072 -0.250835 
-50.6079 -0.379971 
-50.6086 -0.509604 
-50.6093 -0.639737 
-50.61 -0.770372 
-50.6107 -0.901509 
-50.6114 -1.03315 
-50.6121 -1.1653 
-50.6128 -1.29796 
-50.6135 -1.43113 
-50.6142 -1.56481 
-50.6149 -1.69901 
-50.6156 -1.83372 
-50.6164 -1.96895 
-50.6171 -2.1047 
-50.6178 -2.24097 
-50.6185 -2.37777 
-50.6193 -2.51509 
-50.62 -2.65294 
-50.6208 -2.79132 
-50.6215 -2.93023 
-50.6222 -3.06968 
-50.623 -3.20966 
-50.6238 -3.35017 
-50.6245 -3.49123 
-50.6253 -3.63283 
-50.626 -3.77497 
-50.6268 -3.91765 
-50.6276 -4.06088 
-50.6284 -4.20467 
-50.6292 -4.349 
-50.6299 -4.49389 
-50.6307 -4.63933 
-50.6315 -4.78533 
-50.6323 -4.93188 
-50.6331 -5.079 
-50.6339 -5.22668 
-50.6347 -5.37493 
-50.6355 -5.52374 
-50.6363 -5.67313 
-50.6372 -5.82308 
-50.638 -5.97361 
-50.6388 -6.12471 
-50.6396 -6.27639 
-50.6405 -6.42865 
-50.6413 -6.58149 
-50.6422 -6.73492 
-50.643 -6.88893 
-50.6439 -7.04353 
-50.6447 -7.19872 
-50.6456 -7.3545 
-50.6464 -7.51087 
-50.6473 -7.66784 
-50.6482 -7.82541 
-50.649 -7.98358 
-50.6499 -8.14236 
-50.6508 -8.30173 
-50.6517 -8.46172 
-50.6526 -8.62231 
-50.6535 -8.78352 
-50.6544 -8.94534 
-50.6553 -9.10777 
-50.6562 -9.27082 
-50.6571 -9.43449 
-50.658 -9.59879 
-50.6589 -9.76371 
-50.6599 -9.92925 
-50.6608 -10.0954 
-50.6617 -10.2622 
-50.6627 -10.4297 
-50.6636 -10.5977 
-50.6646 -10.7665 
-50.6655 -10.9358 
-50.6665 -11.1058 
-50.6674 -11.2764 
-50.6684 -11.4477 
-50.6694 -11.6197 
-50.6704 -11.7922 
-50.6713 -11.9655 
-50.6723 -12.1394 
-50.6733 -12.3139 
-50.6743 -12.4891 
-50.6753 -12.665 
-50.6763 -12.8416 
-50.6773 -13.0188 
-50.6783 -13.1966 
-50.6794 -13.3752 
-50.6804 -13.5544 
-50.6814 -13.7343 
-50.6825 -13.9149 
-50.6835 -14.0962 
-50.6845 -14.2781 
-50.6856 -14.4607 
-50.6866 -14.6441 
-50.6877 -14.8281 
-50.6888 -15.0128 
-50.6898 -15.1982 
-50.6909 -15.3843 
-50.692 -15.5711 
-50.6931 -15.7586 
-50.6942 -15.9468 
-50.6953 -16.1357 
-50.6964 -16.3253 
-50.6975 -16.5156 
-50.6986 -16.7067 
-50.6997 -16.8985 
-50.7009 -17.091 
-50.702 -17.2842 
-50.7031 -17.4781 
-50.7043 -17.6728 
-50.7054 -17.8682 
-50.7066 -18.0643 
-50.7077 -18.2611 
-50.7089 -18.4587 
-50.7101 -18.6571 
-50.7112 -18.8561 
-50.7124 -19.056 
-50.7136 -19.2565 
-50.7148 -19.4579 
-50.716 -19.6599 
-50.7172 -19.8628 
-50.7184 -20.0663 
-50.7197 -20.2707 
-50.7209 -20.4758 
-50.7221 -20.6817 
-50.7234 -20.8883 
-50.7246 -21.0957 
-50.7258 -21.3039 
-50.7271 -21.5128 
-50.7284 -21.7226 
-50.7296 -21.9331 
-50.7309 -22.1444 
-50.7322 -22.3565 
-50.7335 -22.5693 
-50.7348 -22.783 
-50.7361 -22.9974 
-50.7374 -23.2127 
-50.7387 -23.4287 
-50.74 -23.6456 
-50.7414 -23.8632 
-50.7427 -24.0817 
-50.744 -24.301 
-50.7454 -24.521 
-50.7467 -24.7419 
-50.7481 -24.9636 
-50.7495 -25.1862 
-50.7509 -25.4095 
-50.7522 -25.6337 
-50.7536 -25.8587 
-50.755 -26.0846 
-50.7564 -26.3112 
-50.7579 -26.5387 
-50.7593 -26.7671 
-50.7607 -26.9963 
-50.7621 -27.2263 
-50.7636 -27.4572 
-50.765 -27.6889 
-50.7665 -27.9215 
-50.768 -28.1549 
-50.7694 -28.3892 
-50.7709 -28.6243 
-50.7724 -28.8603 
-50.7739 -29.0972 
-50.7754 -29.335 
-50.7769 -29.5736 
-50.7785 -29.8131 
-50.78 -30.0534 
-50.7815 -30.2947 
-50.7831 -30.5368 
-50.7846 -30.7798 
-50.7862 -31.0237 
-50.7878 -31.2685 
-50.7893 -31.5142 
-50.7909 -31.7608 
-50.7925 -32.0082 
-50.7941 -32.2566 
-50.7957 -32.5059 
-50.7974 -32.7561 
-50.799 -33.0072 
-50.8006 -33.2592 
-50.8023 -33.5121 
-50.8039 -33.766 
-50.8056 -34.0208 
-50.8073 -34.2765 
-50.809 -34.5331 
-50.8107 -34.7906 
-50.8124 -35.0491 
-50.8141 -35.3085 
-50.8158 -35.5689 
-50.8175 -35.8302 
-50.8193 -36.0924 
-50.821 -36.3556 
-50.8228 -36.6197 
-50.8245 -36.8848 
-50.8263 -37.1509 
-50.8281 -37.4179 
-50.8299 -37.6858 
-50.8317 -37.9547 
-50.8335 -38.2246 
-50.8354 -38.4955 
-50.8372 -38.7673 
-50.839 -39.0401 
-50.8409 -39.3139 
-50.8428 -39.5887 
-50.8447 -39.8644 
-50.8465 -40.1412 
-50.8484 -40.4189 
-50.8503 -40.6976 
-50.8523 -40.9773 
-50.8542 -41.258 
-50.8561 -41.5397 
-50.8581 -41.8224 
-50.8601 -42.1061 
-50.862 -42.3909 
-50.864 -42.6766 
-50.866 -42.9634 
-50.868 -43.2511 
-50.8701 -43.5399 
-50.8721 -43.8297 
-50.8741 -44.1206 
-50.8762 -44.4124 
-50.8783 -44.7053 
-50.8803 -44.9993 
-50.8824 -45.2943 
-50.8845 -45.5903 
-50.8866 -45.8873 
-50.8888 -46.1854 
-50.8909 -46.4846 
-50.8931 -46.7848 
-50.8952 -47.086 
-50.8974 -47.3884 
-50.8996 -47.6917 
-50.9018 -47.9962 
-50.904 -48.3017 
-50.9062 -48.6082 
-50.9085 -48.9159 
-50.9107 -49.2246 
-50.913 -49.5344 
-50.9153 -49.8453 
-50.9176 -50.1572 
-50.9199 -50.4703 
-50.9222 -50.7844 
-50.9245 -51.0996 
-50.9269 -51.4159 
-50.9292 -51.7334 
-50.9316 -52.0519 
-50.934 -52.3715 
-50.9364 -52.6922 
-50.9388 -53.014 
-50.9412 -53.3369 
-50.9437 -53.661 
-50.9462 -53.9862 
-50.9486 -54.3124 
-50.9511 -54.6398 
-50.9536 -54.9684 
-50.9561 -55.298 
-50.9587 -55.6288 
-50.9612 -55.9607 
-50.9638 -56.2938 
-50.9664 -56.628 
-50.969 -56.9633 
-50.9716 -57.2997 
-50.9742 -57.6374 
-50.9769 -57.9761 
-50.9795 -58.316 
-50.9822 -58.6571 
-50.9849 -58.9993 
-50.9876 -59.3427 
-50.9903 -59.6872 
-50.9931 -60.0329 
-50.9958 -60.3798 
-50.9986 -60.7278 
-51.0014 -61.077 
-51.0042 -61.4274 
-51.0071 -61.779 
-51.0099 -62.1317 
-51.0128 -62.4856 
-51.0157 -62.8407 
-51.0186 -63.197 
-51.0215 -63.5544 
-51.0244 -63.9131 
-51.0274 -64.273 
-51.0303 -64.634 
-51.0333 -64.9963 
-51.0364 -65.3597 
-51.0394 -65.7243 
-51.0424 -66.0902 
-51.0455 -66.4573 
-51.0486 -66.8255 
-51.0517 -67.195 
-51.0548 -67.5657 
-51.058 -67.9376 
-51.0612 -68.3107 
-51.0644 -68.6851 
-51.0676 -69.0606 
-51.0708 -69.4374 
-51.0741 -69.8155 
-51.0773 -70.1947 
-51.0806 -70.5752 
-51.0839 -70.9569 
-51.0873 -71.3398 
-51.0906 -71.724 
-51.094 -72.1094 
-51.0974 -72.4961 
-51.1009 -72.884 
-51.1043 -73.2732 
-51.1078 -73.6636 
-51.1113 -74.0552 
-51.1148 -74.4481 
-51.1183 -74.8422 
-51.1219 -75.2376 
-51.1255 -75.6343 
-51.1291 -76.0322 
-51.1328 -76.4314 
-51.1364 -76.8318 
-51.1401 -77.2335 
-51.1438 -77.6365 
-51.1476 -78.0407 
-51.1513 -78.4462 
-51.1551 -78.8529 
-51.1589 -79.2609 
-51.1628 -79.6702 
-51.1666 -80.0808 
-51.1705 -80.4926 
-51.1745 -80.9058 
-51.1784 -81.3201 
-51.1824 -81.7358 
-51.1864 -82.1528 
-51.1904 -82.571 
-51.1945 -82.9905 
-51.1986 -83.4113 
-51.2027 -83.8334 
-51.2068 -84.2567 
-51.211 -84.6814 
-51.2152 -85.1073 
-51.2194 -85.5345 
-51.2237 -85.963 
-51.228 -86.3928 
-51.2323 -86.8239 
-51.2367 -87.2562 
-51.2411 -87.6899 
-51.2455 -88.1248 
-51.2499 -88.5611 
-51.2544 -88.9986 
-51.2589 -89.4374 
-51.2635 -89.8775 
-51.2681 -90.3189 
-51.2727 -90.7616 
-51.2773 -91.2056 
-51.282 -91.6509 
-51.2867 -92.0975 
-51.2915 -92.5453 
-51.2962 -92.9945 
-51.3011 -93.445 
-51.3059 -93.8967 
-51.3108 -94.3497 
-51.3157 -94.8041 
-51.3207 -95.2597 
-51.3257 -95.7166 
-51.3307 -96.1748 
-51.3358 -96.6343 
-51.3409 -97.0951 
-51.3461 -97.5572 
-51.3513 -98.0205 
-51.3565 -98.4852 
-51.3618 -98.9511 
-51.3671 -99.4183 
-51.3724 -99.8868 
-51.3778 -100.357 
-51.3833 -100.828 
-51.3887 -101.3 
-51.3942 -101.774 
-51.3998 -102.249 
-51.4054 -102.725 
-51.411 -103.202 
-51.4167 -103.681 
-51.4225 -104.161 
-51.4282 -104.642 
-51.4341 -105.125 
-51.4399 -105.609 
-51.4459 -106.094 
-51.4518 -106.58 
-51.4578 -107.067 
-51.4639 -107.556 
-51.47 -108.046 
-51.4761 -108.538 
-51.4823 -109.03 
-51.4886 -109.524 
-51.4949 -110.019 
-51.5012 -110.515 
-51.5077 -111.013 
-51.5141 -111.512 
-51.5206 -112.012 
-51.5272 -112.513 
-51.5338 -113.015 
-51.5405 -113.519 
-51.5472 -114.024 
-51.554 -114.53 
-51.5608 -115.037 
-51.5677 -115.546 
-51.5746 -116.055 
-51.5816 -116.566 
-51.5887 -117.078 
-51.5958 -117.592 
-51.603 -118.106 
-51.6102 -118.622 
-51.6175 -119.138 
-51.6249 -119.656 
-51.6323 -120.175 
-51.6398 -120.695 
-51.6474 -121.217 
-51.655 -121.739 
-51.6627 -122.263 
-51.6704 -122.788 
-51.6782 -123.313 
-51.6861 -123.84 
-51.6941 -124.369 
-51.7021 -124.898 
-51.7102 -125.428 
-51.7183 -125.959 
-51.7265 -126.492 
-51.7348 -127.025 
-51.7432 -127.56 
-51.7516 -128.095 
-51.7602 -128.632 
-51.7688 -129.17 
-51.7774 -129.708 
-51.7862 -130.248 
-51.795 -130.789 
-51.8039 -131.33 
-51.8129 -131.873 
-51.8219 -132.417 
-51.8311 -132.962 
-51.8403 -133.507 
-51.8496 -134.054 
-51.859 -134.601 
-51.8684 -135.15 
-51.878 -135.699 
-51.8876 -136.249 
-51.8973 -136.8 
-51.9072 -137.353 
-51.9171 -137.905 
-51.9271 -138.459 
-51.9371 -139.014 
-51.9473 -139.569 
-51.9576 -140.126 
-51.968 -140.683 
-51.9784 -141.241 
-51.989 -141.799 
-51.9996 -142.359 
-52.0104 -142.919 
-52.0212 -143.48 
-52.0322 -144.042 
-52.0432 -144.604 
-52.0544 -145.167 
-52.0657 -145.731 
-52.077 -146.295 
-52.0885 -146.86 
-52.1001 -147.426 
-52.1118 -147.992 
-52.1236 -148.559 
-52.1355 -149.127 
-52.1475 -149.695 
-52.1596 -150.263 
-52.1719 -150.833 
-52.1842 -151.402 
-52.1967 -151.972 
-52.2093 -152.543 
-52.222 -153.114 
-52.2349 -153.686 
-52.2478 -154.258 
-52.2609 -154.83 
-52.2741 -155.403 
-52.2874 -155.976 
-52.3009 -156.549 
-52.3145 -157.123 
-52.3282 -157.697 
-52.3421 -158.271 
-52.356 -158.846 
-52.3702 -159.42 
-52.3844 -159.995 
-52.3988 -160.57 
-52.4133 -161.146 
-52.428 -161.721 
-52.4428 -162.297 
-52.4578 -162.872 
-52.4729 -163.448 
-52.4881 -164.023 
-52.5035 -164.599 
-52.519 -165.175 
-52.5347 -165.75 
-52.5505 -166.326 
-52.5665 -166.901 
-52.5827 -167.476 
-52.599 -168.051 
-52.6154 -168.626 
-52.632 -169.201 
-52.6488 -169.775 
-52.6657 -170.349 
-52.6828 -170.923 
-52.7001 -171.496 
-52.7175 -172.07 
-52.7351 -172.642 
-52.7529 -173.214 
-52.7708 -173.786 
-52.7889 -174.357 
-52.8072 -174.928 
-52.8256 -175.498 
-52.8443 -176.067 
-52.8631 -176.636 
-52.882 -177.204 
-52.9012 -177.772 
-52.9206 -178.339 
-52.9401 -178.904 
-52.9598 -179.469 
-52.9797 -180.034 
-52.9998 -180.597 
-53.0201 -181.159 
-53.0405 -181.721 
-53.0612 -182.281 
-53.0821 -182.84 
-53.1031 -183.398 
-53.1244 -183.955 
-53.1458 -184.511 
-53.1674 -185.066 
-53.1893 -185.619 
-53.2113 -186.171 
-53.2336 -186.722 
-53.2561 -187.271 
-53.2787 -187.819 
-53.3016 -188.365 
-53.3247 -188.91 
-53.348 -189.453 
-53.3715 -189.995 
-53.3952 -190.535 
-53.4191 -191.073 
-53.4432 -191.61 
-53.4676 -192.144 
-53.4922 -192.677 
-53.517 -193.208 
-53.542 -193.737 
-53.5672 -194.264 
-53.5927 -194.789 
-53.6184 -195.311 
-53.6443 -195.832 
-53.6704 -196.35 
-53.6967 -196.867 
-53.7233 -197.38 
-53.7501 -197.892 
-53.7772 -198.401 
-53.8044 -198.908 
-53.8319 -199.412 
-53.8597 -199.913 
-53.8876 -200.412 
-53.9158 -200.908 
-53.9443 -201.401 
-53.9729 -201.892 
-54.0018 -202.38 
-54.031 -202.865 
-54.0603 -203.347 
-54.0899 -203.825 
-54.1198 -204.301 
-54.1499 -204.774 
-54.1802 -205.243 
-54.2108 -205.71 
-54.2416 -206.172 
-54.2726 -206.632 
-54.3039 -207.088 
-54.3354 -207.54 
-54.3672 -207.989 
-54.3992 -208.435 
-54.4314 -208.877 
-54.4639 -209.314 
-54.4966 -209.749 
-54.5296 -210.179 
-54.5628 -210.605 
-54.5963 -211.028 
-54.63 -211.446 
-54.6639 -211.86 
-54.6981 -212.27 
-54.7325 -212.676 
-54.7672 -213.077 
-54.8021 -213.474 
-54.8372 -213.867 
-54.8726 -214.255 
-54.9082 -214.639 
-54.9441 -215.018 
-54.9802 -215.392 
-55.0165 -215.761 
-55.0531 -216.126 
-55.0899 -216.485 
-55.127 -216.84 
-55.1643 -217.19 
-55.2018 -217.535 
-55.2396 -217.874 
-55.2776 -218.208 
-55.3158 -218.537 
-55.3543 -218.86 
-55.393 -219.179 
-55.4319 -219.491 
-55.471 -219.798 
-55.5104 -220.099 
-55.55 -220.395 
-55.5899 -220.685 
-55.63 -220.969 
-55.6703 -221.247 
-55.7108 -221.519 
-55.7515 -221.785 
-55.7925 -222.045 
-55.8337 -222.298 
-55.875 -222.545 
-55.9167 -222.786 
-55.9585 -223.021 
-56.0005 -223.249 
-56.0428 -223.471 
-56.0853 -223.686 
-56.128 -223.894 
-56.1708 -224.095 
-56.2139 -224.29 
-56.2572 -224.478 
-56.3007 -224.658 
-56.3444 -224.832 
-56.3883 -224.999 
-56.4324 -225.158 
-56.4767 -225.31 
-56.5212 -225.455 
-56.5659 -225.592 
-56.6108 -225.722 
-56.6558 -225.845 
-56.7011 -225.959 
-56.7465 -226.067 
-56.7921 -226.166 
-56.8379 -226.257 
-56.8839 -226.341 
-56.93 -226.417 
-56.9763 -226.484 
-57.0228 -226.544 
-57.0694 -226.595 
-57.1162 -226.638 
-57.1632 -226.673 
-57.2104 -226.699 
-57.2577 -226.717 
-57.3051 -226.727 
-57.3527 -226.728 
-57.4004 -226.72 
-57.4483 -226.703 
-57.4964 -226.678 
-57.5446 -226.644 
-57.5929 -226.6 
-57.6413 -226.548 
-57.6899 -226.487 
-57.7386 -226.417 
-57.7875 -226.337 
-57.8365 -226.248 
-57.8855 -226.15 
-57.9347 -226.042 
-57.9841 -225.925 
-58.0335 -225.799 
-58.083 -225.662 
-58.1327 -225.516 
-58.1824 -225.361 
-58.2323 -225.195 
-58.2822 -225.02 
-58.3323 -224.835 
-58.3824 -224.64 
-58.4326 -224.434 
-58.4829 -224.219 
-58.5333 -223.993 
-58.5837 -223.757 
-58.6342 -223.511 
-58.6848 -223.254 
-58.7354 -222.987 
-58.7861 -222.71 
-58.8369 -222.422 
-58.8877 -222.123 
-58.9386 -221.813 
-58.9895 -221.493 
-59.0405 -221.162 
-59.0914 -220.82 
-59.1425 -220.468 
-59.1935 -220.104 
-59.2446 -219.729 
-59.2957 -219.343 
-59.3468 -218.946 
-59.3979 -218.538 
-59.4491 -218.118 
-59.5002 -217.687 
-59.5513 -217.245 
-59.6025 -216.791 
-59.6536 -216.326 
-59.7047 -215.849 
-59.7558 -215.361 
-59.8069 -214.861 
-59.858 -214.349 
-59.909 -213.825 
-59.96 -213.29 
-60.011 -212.743 
-60.0619 -212.184 
-60.1127 -211.613 
-60.1635 -211.03 
-60.2143 -210.435 
-60.265 -209.827 
-60.3156 -209.208 
-60.3662 -208.577 
-60.4166 -207.933 
-60.467 -207.277 
-60.5174 -206.608 
-60.5676 -205.927 
-60.6177 -205.234 
-60.6677 -204.528 
-60.7177 -203.81 
-60.7675 -203.079 
-60.8172 -202.336 
-60.8667 -201.58 
-60.9162 -200.811 
-60.9655 -200.03 
-61.0147 -199.236 
-61.0637 -198.429 
-61.1126 -197.61 
-61.1614 -196.777 
-61.21 -195.932 
-61.2584 -195.073 
-61.3067 -194.202 
-61.3547 -193.318 
-61.4027 -192.42 
-61.4504 -191.51 
-61.4979 -190.587 
-61.5453 -189.65 
-61.5924 -188.701 
-61.6393 -187.738 
-61.6861 -186.762 
-61.7326 -185.773 
-61.7789 -184.77 
-61.8249 -183.755 
-61.8708 -182.726 
-61.9163 -181.684 
-61.9617 -180.628 
-62.0068 -179.559 
-62.0516 -178.477 
-62.0962 -177.381 
-62.1405 -176.272 
-62.1845 -175.15 
-62.2283 -174.014 
-62.2717 -172.865 
-62.3149 -171.702 
-62.3578 -170.526 
-62.4004 -169.336 
-62.4426 -168.133 
-62.4846 -166.917 
-62.5262 -165.686 
-62.5675 -164.443 
-62.6085 -163.186 
-62.6491 -161.915 
-62.6894 -160.631 
-62.7293 -159.333 
-62.7689 -158.022 
-62.8081 -156.697 
-62.847 -155.359 
-62.8854 -154.007 
-62.9235 -152.642 
-62.9612 -151.263 
-62.9985 -149.871 
-63.0354 -148.465 
-63.0719 -147.046 
-63.1079 -145.613 
-63.1436 -144.167 
-63.1788 -142.708 
-63.2136 -141.234 
-63.2479 -139.748 
-63.2818 -138.248 
-63.3153 -136.735 
-63.3483 -135.208 
-63.3808 -133.668 
-63.4129 -132.114 
-63.4444 -130.548 
-63.4755 -128.968 
-63.5061 -127.374 
-63.5362 -125.768 
-63.5658 -124.148 
-63.5949 -122.515 
-63.6235 -120.869 
-63.6515 -119.21 
-63.6791 -117.537 
-63.706 -115.852 
-63.7325 -114.154 
-63.7584 -112.442 
-63.7837 -110.718 
-63.8084 -108.981 
-63.8326 -107.23 
-63.8563 -105.467 
-63.8793 -103.692 
-63.9017 -101.903 
-63.9236 -100.102 
-63.9448 -98.2878 
-63.9655 -96.4613 
-63.9855 -94.6223 
-64.0049 -92.7707 
-64.0237 -90.9067 
-64.0418 -89.0303 
-64.0593 -87.1415 
-64.0761 -85.2405 
-64.0923 -83.3273 
-64.1078 -81.4019 
-64.1227 -79.4643 
-64.1368 -77.5148 
-64.1503 -75.5533 
-64.1631 -73.5798 
-64.1752 -71.5946 
-64.1866 -69.5976 
-64.1973 -67.5888 
-64.2073 -65.5685 
-64.2166 -63.5366 
-64.2251 -61.4932 
-64.2329 -59.4385 
-64.24 -57.3724 
-64.2463 -55.2951 
-64.2518 -53.2066 
-64.2566 -51.1071 
-64.2606 -48.9965 
-64.2638 -46.8751 
-64.2663 -44.7429 
-64.268 -42.6 
-64.2689 -40.4464 
-64.2689 -38.2823 
-64.2682 -36.1077 
-64.2667 -33.9228 
-64.2643 -31.7277 
-64.2611 -29.5224 
-64.2571 -27.3071 
-64.2522 -25.0819 
-64.2465 -22.8468 
-64.24 -20.6019 
-64.2325 -18.3475 
-64.2243 -16.0836 
-64.2151 -13.8102 
-64.2051 -11.5276 
-64.1942 -9.2358 
-64.1823 -6.93495 
-64.1696 -4.62517 
-64.156 -2.30657 
-64.1415 0.020717 
-64.1261 2.35658 
-64.1098 4.70088 
-64.0925 7.0535 
-64.0743 9.41431 
-64.0551 11.7832 
-64.0351 14.16 
-64.014 16.5446 
-63.992 18.9368 
-63.9691 21.3366 
-63.9452 23.7437 
-63.9203 26.1581 
-63.8944 28.5796 
-63.8675 31.008 
-63.8397 33.4432 
-63.8108 35.8852 
-63.781 38.3336 
-63.7501 40.7883 
-63.7182 43.2493 
-63.6853 45.7164 
-63.6514 48.1893 
-63.6165 50.668 
-63.5805 53.1522 
-63.5435 55.6419 
-63.5054 58.1368 
-63.4663 60.6368 
-63.4261 63.1417 
-63.3849 65.6514 
-63.3426 68.1657 
-63.2992 70.6843 
-63.2547 73.2072 
-63.2092 75.7342 
-63.1626 78.2651 
-63.1149 80.7996 
-63.066 83.3377 
-63.0161 85.8791 
-62.9651 88.4237 
-62.913 90.9712 
-62.8597 93.5216 
-62.8054 96.0745 
-62.7499 98.6298 
-62.6933 101.187 
-62.6355 103.747 
-62.5766 106.308 
-62.5166 108.871 
-62.4554 111.436 
-62.3931 114.001 
-62.3296 116.568 
-62.265 119.135 
-62.1992 121.703 
-62.1322 124.272 
-62.0641 126.84 
-61.9948 129.409 
-61.9243 131.977 
-61.8526 134.545 
-61.7798 137.112 
-61.7057 139.679 
-61.6305 142.244 
-61.5541 144.808 
-61.4764 147.37 
-61.3976 149.93 
-61.3176 152.489 
-61.2363 155.045 
-61.1539 157.599 
-61.0702 160.15 
-60.9853 162.698 
-60.8992 165.243 
-60.8119 167.785 
-60.7234 170.322 
-60.6336 172.856 
-60.5426 175.386 
-60.4504 177.912 
-60.3569 180.433 
-60.2622 182.949 
-60.1662 185.459 
-60.0691 187.965 
-59.9706 190.465 
-59.871 192.959 
-59.7701 195.447 
-59.6679 197.928 
-59.5645 200.403 
-59.4598 202.871 
-59.3539 205.332 
-59.2468 207.785 
-59.1384 210.23 
-59.0287 212.668 
-58.9178 215.098 
-58.8056 217.519 
-58.6921 219.931 
-58.5774 222.334 
-58.4615 224.728 
-58.3443 227.112 
-58.2258 229.487 
-58.106 231.851 
-57.9851 234.205 
-57.8628 236.548 
-57.7393 238.88 
-57.6145 241.201 
-57.4885 243.511 
-57.3612 245.809 
-57.2327 248.094 
-57.1029 250.367 
-56.9718 252.628 
-56.8395 254.875 
-56.7059 257.11 
-56.5711 259.33 
-56.4351 261.537 
-56.2978 263.73 
-56.1592 265.908 
-56.0194 268.072 
-55.8784 270.22 
-55.7362 272.354 
-55.5927 274.471 
-55.448 276.573 
-55.3022 278.659 
-55.1551 280.727 
-55.0068 282.78 
-54.8573 284.815 
-54.7067 286.832 
-54.5549 288.832 
-54.402 290.814 
-54.2479 292.778 
-54.0928 294.723 
-53.9366 296.649 
-53.7794 298.556 
-53.6213 300.444 
-53.4622 302.312 
-53.3023 304.16 
-53.1416 305.988 
-52.9802 307.795 
-52.8183 309.582 
-52.6559 311.348 
-52.4933 313.092 
-52.3306 314.816 
-52.1682 316.518 
-52.0062 318.199 
-51.845 319.858 
-51.6851 321.497 
-51.5269 323.114 
-51.3709 324.709 
-51.2179 326.285 
-51.0686 327.84 
-50.9237 329.375 
-50.7841 330.891 
-50.6507 332.389 
-50.5245 333.87 
-50.4063 335.336 
-50.2968 336.786 
-50.1966 338.224 
-50.1062 339.651 
-50.0257 341.068 
-49.9549 342.477 
-49.8935 343.88 
-49.8408 345.278 
-49.7962 346.674 
-49.7587 348.069 
-49.7275 349.463 
-49.7016 350.858 
-49.6802 352.255 
-49.6626 353.655 
-49.648 355.059 
-49.636 356.467 
-49.626 357.879 
-49.6176 359.297 
-49.6106 360.719 
-49.6045 362.147 
-49.5992 363.581 
-49.5946 365.021 
-49.5905 366.467 
-49.5868 367.92 
-49.5833 369.378 
-49.5801 370.843 
-49.5771 372.315 
-49.5742 373.793 
-49.5715 375.277 
-49.5688 376.768 
-49.5662 378.266 
-49.5636 379.771 
-49.5611 381.282 
-49.5586 382.801 
-49.5561 384.326 
-49.5536 385.858 
-49.5511 387.397 
-49.5487 388.943 
-49.5462 390.496 
-49.5438 392.056 
-49.5413 393.622 
-49.5389 395.197 
-49.5364 396.778 
-49.534 398.366 
-49.5315 399.962 
-49.5291 401.565 
-49.5266 403.175 
-49.5242 404.792 
-49.5217 406.417 
-49.5192 408.049 
-49.5167 409.689 
-49.5143 411.336 
-49.5118 412.99 
-49.5093 414.652 
-49.5068 416.322 
-49.5043 417.999 
-49.5018 419.684 
-49.4993 421.376 
-49.4968 423.077 
-49.4943 424.784 
-49.4918 426.5 
-49.4893 428.224 
-49.4868 429.955 
-49.4842 431.694 
-49.4817 433.441 
-49.4792 435.196 
-49.4767 436.959 
-49.4741 438.73 
-49.4716 440.509 
-49.469 442.297 
-49.4665 444.092 
-49.4639 445.896 
-49.4614 447.708 
-49.4588 449.528 
-49.4562 451.356 
-49.4537 453.193 
-49.4511 455.038 
-49.4485 456.891 
-49.4459 458.753 
-49.4433 460.624 
-49.4408 462.503 
-49.4382 464.39 
-49.4356 466.287 
-49.433 468.191 
-49.4304 470.105 
-49.4277 472.027 
-49.4251 473.958 
-49.4225 475.898 
-49.4199 477.847 
-49.4173 479.805 
-49.4146 481.772 
-49.412 483.747 
-49.4094 485.732 
-49.4067 487.726 
-49.4041 489.729 
-49.4014 491.741 
-49.3988 493.762 
-49.3961 495.792 
-49.3935 497.832 
-49.3908 499.881 
-49.3881 501.94 
-49.3855 504.008 
-49.3828 506.085 
-49.3801 508.172 
-49.3774 510.269 
-49.3747 512.375 
-49.3721 514.491 
-49.3694 516.616 
-49.3667 518.752 
-49.364 520.897 
-49.3613 523.052 
-49.3586 525.216 
-49.3558 527.391 
-49.3531 529.576 
-49.3504 531.771 
-49.3477 533.975 
-49.345 536.19 
-49.3422 538.415 
-49.3395 540.651 
-49.3368 542.896 
-49.334 545.152 
-49.3313 547.418 
-49.3285 549.695 
-49.3258 551.982 
-49.323 554.28 
-49.3202 556.588 
-49.3175 558.907 
-49.3147 561.237 
-49.3119 563.577 
-49.3092 565.928 
-49.3064 568.29 
-49.3036 570.662 
-49.3008 573.046 
-49.298 575.441 
-49.2952 577.846 
-49.2924 580.263 
-49.2896 582.691 
-49.2868 585.13 
-49.284 587.58 
-49.2812 590.042 
-49.2784 592.515 
-49.2756 594.999 
-49.2728 597.495 
-49.2699 600.002 
-49.2671 602.521 
-49.2643 605.051 
-49.2614 607.593 
-49.2586 610.147 
-49.2557 612.713 
-49.2529 615.29 
-49.25 617.88 
-49.2472 620.481 
-49.2443 623.094 
-49.2415 625.72 
-49.2386 628.357 
-49.2357 631.007 
-49.2329 633.669 
-49.23 636.343 
-49.2271 639.03 
-49.2242 641.729 
-49.2213 644.44 
-49.2185 647.164 
-49.2156 649.901 
-49.2127 652.65 
-49.2098 655.412 
-49.2069 658.187 
-49.204 660.974 
-49.201 663.775 
-49.1981 666.589 
-49.1952 669.415 
-49.1923 672.255 
-49.1894 675.107 
-49.1864 677.973 
-49.1835 680.852 
-49.1806 683.745 
-49.1776 686.651 
-49.1747 689.57 
-49.1717 692.503 
-49.1688 695.45 
-49.1659 698.41 
-49.1629 701.384 
-49.1599 704.372 
-49.157 707.373 
-49.154 710.389 
-49.151 713.418 
-49.1481 716.462 
-49.1451 719.519 
-49.1421 722.591 
-49.1391 725.677 
-49.1362 728.777 
-49.1332 731.892 
-49.1302 735.021 
-49.1272 738.165 
-49.1242 741.324 
-49.1212 744.497 
-49.1182 747.684 
-49.1152 750.887 
-49.1122 754.104 
-49.1091 757.337 
-49.1061 760.584 
-49.1031 763.847 
-49.1001 767.124 
-49.0971 770.417 
-49.094 773.726 
-49.091 777.049 
-49.088 780.388 
-49.0849 783.743 
-49.0819 787.113 
-49.0788 790.499 
-49.0758 793.901 
-49.0727 797.318 
-49.0697 800.752 
-49.0666 804.201 
-49.0635 807.666 
-49.0605 811.148 
-49.0574 814.646 
-49.0543 818.16 
-49.0513 821.69 
-49.0482 825.237 
-49.0451 828.8 
-49.042 832.38 
-49.0389 835.977 
-49.0358 839.591 
-49.0327 843.221 
-49.0297 846.868 
-49.0266 850.532 
-49.0234 854.214 
-49.0203 857.912 
-49.0172 861.628 
-49.0141 865.361 
-49.011 869.111 
-49.0079 872.879 
-49.0048 876.665 
-49.0016 880.468 
-48.9985 884.289 
-48.9954 888.128 
-48.9923 891.985 
-48.9891 895.859 
-48.986 899.752 
-48.9828 903.663 
-48.9797 907.593 
-48.9765 911.54 
-48.9734 915.506 
-48.9702 919.491 
-48.9671 923.494 
-48.9639 927.516 
-48.9608 931.557 
-48.9576 935.617 
-48.9544 939.695 
-48.9512 943.793 
-48.9481 947.91 
-48.9449 952.046 
-48.9417 956.201 
-48.9385 960.376 
-48.9353 964.57 
-48.9322 968.784 
-48.929 973.018 
-48.9258 977.272 
-48.9226 981.545 
-48.9194 985.839 
-48.9162 990.152 
-48.913 994.486 
-48.9097 998.84 
-48.9065 1003.21 
-48.9033 1007.61 
-48.9001 1012.02 
-48.8969 1016.46 
-48.8937 1020.92 
-48.8904 1025.4 
-48.8872 1029.89 
-48.884 1034.41 
-48.8807 1038.96 
-48.8775 1043.52 
-48.8743 1048.1 
-48.871 1052.71 
-48.8678 1057.33 
-48.8645 1061.98 
-48.8613 1066.65 
-48.858 1071.35 
-48.8548 1076.06 
-48.8515 1080.8 
-48.8482 1085.55 
-48.845 1090.34 
-48.8417 1095.14 
-48.8384 1099.97 
-48.8352 1104.81 
-48.8319 1109.68 
-48.8286 1114.58 
-48.8253 1119.5 
-48.822 1124.44 
-48.8188 1129.4 
-48.8155 1134.39 
-48.8122 1139.4 
-48.8089 1144.43 
-48.8056 1149.49 
-48.8023 1154.57 
-48.799 1159.67 
-48.7957 1164.8 
-48.7924 1169.96 
-48.7891 1175.13 
-48.7858 1180.34 
-48.7824 1185.56 
-48.7791 1190.81 
-48.7758 1196.09 
-48.7725 1201.39 
-48.7692 1206.71 
-48.7658 1212.06 
-48.7625 1217.44 
-48.7592 1222.84 
-48.7558 1228.27 
-48.7525 1233.72 
-48.7491 1239.19 
-48.7458 1244.7 
-48.7425 1250.23 
-48.7391 1255.78 
-48.7358 1261.36 
-48.7324 1266.97 
-48.7291 1272.6 
-48.7257 1278.26 
-48.7223 1283.95 
-48.719 1289.66 
-48.7156 1295.4 
-48.7122 1301.17 
-48.7089 1306.97 
-48.7055 1312.79 
-48.7021 1318.64 
-48.6987 1324.52 
-48.6954 1330.42 
-48.692 1336.35 
-48.6886 1342.31 
-48.6852 1348.3 
-48.6818 1354.32 
-48.6784 1360.36 
-48.675 1366.44 
-48.6716 1372.54 
-48.6682 1378.67 
-48.6648 1384.83 
-48.6614 1391.02 
-48.658 1397.24 
-48.6546 1403.49 
-48.6512 1409.76 
-48.6478 1416.07 
-48.6444 1422.41 
-48.641 1428.77 
-48.6375 1435.17 
-48.6341 1441.6 
-48.6307 1448.05 
-48.6273 1454.54 
-48.6238 1461.06 
-48.6204 1467.61 
-48.617 1474.19 
-48.6135 1480.8 
-48.6101 1487.44 
-48.6067 1494.11 
-48.6032 1500.82 
-48.5998 1507.56 
-48.5963 1514.33 
-48.5929 1521.13 
-48.5894 1527.96 
-48.586 1534.82 
-48.5825 1541.72 
-48.5791 1548.65 
-48.5756 1555.61 
-48.5721 1562.61 
-48.5687 1569.64 
-48.5652 1576.7 
-48.5617 1583.79 
-48.5583 1590.92 
-48.5548 1598.09 
-48.5513 1605.28 
-48.5478 1612.51 
-48.5443 1619.78 
-48.5409 1627.08 
-48.5374 1634.41 
-48.5339 1641.78 
-48.5304 1649.18 
-48.5269 1656.62 
-48.5234 1664.09 
-48.5199 1671.6 
-48.5164 1679.14 
-48.5129 1686.72 
-48.5094 1694.34 
-48.5059 1701.99 
-48.5024 1709.68 
-48.4989 1717.4 
-48.4954 1725.17 
-48.4919 1732.96 
-48.4884 1740.8 
-48.4849 1748.67 
-48.4814 1756.58 
-48.4778 1764.52 
-48.4743 1772.51 
-48.4708 1780.53 
-48.4673 1788.59 
-48.4637 1796.69 
-48.4602 1804.83 
-48.4567 1813 
-48.4531 1821.21 
-48.4496 1829.47 
-48.4461 1837.76 
-48.4425 1846.09 
-48.439 1854.46 
-48.4354 1862.87 
-48.4319 1871.32 
-48.4284 1879.81 
-48.4248 1888.34 
-48.4213 1896.91 
-48.4177 1905.52 
-48.4141 1914.18 
-48.4106 1922.87 
-48.407 1931.6 
-48.4035 1940.38 
-48.3999 1949.2 
-48.3963 1958.06 
-48.3928 1966.96 
-48.3892 1975.9 
-48.3856 1984.89 
-48.3821 1993.92 
-48.3785 2002.99 
-48.3749 2012.1 
-48.3713 2021.26 
-48.3678 2030.46 
-48.3642 2039.71 
-48.3606 2049 
-48.357 2058.33 
-48.3534 2067.71 
-48.3498 2077.13 
-48.3462 2086.6 
-48.3427 2096.11 
-48.3391 2105.66 
-48.3355 2115.27 
-48.3319 2124.91 
-48.3283 2134.61 
-48.3247 2144.35 
-48.3211 2154.13 
-48.3175 2163.96 
-48.3139 2173.84 
-48.3102 2183.77 
-48.3066 2193.74 
-48.303 2203.76 
-48.2994 2213.83 
-48.2958 2223.95 
-48.2922 2234.11 
-48.2886 2244.32 
-48.2849 2254.58 
-48.2813 2264.89 
-48.2777 2275.25 
-48.2741 2285.66 
-48.2704 2296.12 
-48.2668 2306.62 
-48.2632 2317.18 
-48.2596 2327.79 
-48.2559 2338.45 
-48.2523 2349.15 
-48.2486 2359.91 
-48.245 2370.72 
-48.2414 2381.58 
-48.2377 2392.5 
-48.2341 2403.46 
-48.2304 2414.48 
-48.2268 2425.55 
-48.2231 2436.67 
-48.2195 2447.85 
-48.2158 2459.08 
-48.2122 2470.36 
-48.2085 2481.7 
-48.2049 2493.08 
-48.2012 2504.53 
-48.1976 2516.03 
-48.1939 2527.58 
-48.1902 2539.19 
-48.1866 2550.85 
-48.1829 2562.57 
-48.1792 2574.34 
-48.1756 2586.18 
-48.1719 2598.06 
-48.1682 2610.01 
-48.1645 2622.01 
-48.1609 2634.06 
-48.1572 2646.18 
-48.1535 2658.35 
-48.1498 2670.58 
-48.1462 2682.87 
-48.1425 2695.22 
-48.1388 2707.62 
-48.1351 2720.09 
-48.1314 2732.61 
-48.1277 2745.2 
-48.124 2757.84 
-48.1203 2770.55 
-48.1167 2783.31 
-48.113 2796.14 
-48.1093 2809.02 
-48.1056 2821.97 
-48.1019 2834.98 
-48.0982 2848.05 
-48.0945 2861.19 
-48.0908 2874.39 
-48.0871 2887.65 
-48.0833 2900.97 
-48.0796 2914.36 
-48.0759 2927.81 
-48.0722 2941.32 
-48.0685 2954.9 
-48.0648 2968.54 
-48.0611 2982.25 
-48.0574 2996.03 
-48.0536 3009.86 
-48.0499 3023.77 
-48.0462 3037.74 
-48.0425 3051.78 
-48.0388 3065.89 
-48.035 3080.06 
-48.0313 3094.3 
-48.0276 3108.61 
-48.0238 3122.98 
-48.0201 3137.43 
-48.0164 3151.94 
-48.0127 3166.53 
-48.0089 3181.18 
-48.0052 3195.9 
-48.0014 3210.69 
-47.9977 3225.56 
-47.994 3240.49 
-47.9902 3255.5 
-47.9865 3270.58 
-47.9827 3285.73 
-47.979 3300.95 
-47.9753 3316.24 
-47.9715 3331.61 
-47.9678 3347.05 
-47.964 3362.56 
-47.9603 3378.15 
-47.9565 3393.81 
-47.9528 3409.55 
-47.949 3425.36 
-47.9452 3441.25 
-47.9415 3457.22 
-47.9377 3473.26 
-47.934 3489.37 
-47.9302 3505.57 
-47.9264 3521.84 
-47.9227 3538.19 
-47.9189 3554.61 
-47.9151 3571.12 
-47.9114 3587.7 
-47.9076 3604.36 
-47.9038 3621.11 
-47.9001 3637.93 
-47.8963 3654.83 
-47.8925 3671.82 
-47.8887 3688.88 
-47.885 3706.03 
-47.8812 3723.26 
-47.8774 3740.57 
-47.8736 3757.96 
-47.8699 3775.44 
-47.8661 3793 
-47.8623 3810.64 
-47.8585 3828.37 
-47.8547 3846.18 
-47.8509 3864.08 
-47.8471 3882.06 
-47.8434 3900.13 
-47.8396 3918.29 
-47.8358 3936.53 
-47.832 3954.86 
-47.8282 3973.28 
-47.8244 3991.78 
-47.8206 4010.38 
-47.8168 4029.06 
-47.813 4047.83 
-47.8092 4066.69 
-47.8054 4085.64 
-47.8016 4104.69 
-47.7978 4123.82 
-47.794 4143.04 
-47.7902 4162.36 
-47.7864 4181.77 
-47.7826 4201.27 
-47.7788 4220.87 
-47.775 4240.56 
-47.7712 4260.34 
-47.7673 4280.22 
-47.7635 4300.19 
-47.7597 4320.26 
-47.7559 4340.42 
-47.7521 4360.68 
-47.7483 4381.04 
-47.7445 4401.5 
-47.7406 4422.05 
-47.7368 4442.7 
-47.733 4463.45 
-47.7292 4484.3 
-47.7254 4505.25 
-47.7215 4526.3 
-47.7177 4547.45 
-47.7139 4568.7 
-47.7101 4590.05 
-47.7062 4611.5 
-47.7024 4633.06 
-47.6986 4654.72 
-47.6947 4676.49 
-47.6909 4698.35 
-47.6871 4720.33 
-47.6832 4742.41 
-47.6794 4764.59 
-47.6756 4786.88 
-47.6717 4809.28 
-47.6679 4831.78 
-47.6641 4854.39 
-47.6602 4877.11 
-47.6564 4899.94 
-47.6525 4922.88 
-47.6487 4945.92 
-47.6449 4969.08 
-47.641 4992.35 
-47.6372 5015.73 
-47.6333 5039.22 
-47.6295 5062.83 
-47.6256 5086.55 
-47.6218 5110.38 
-47.6179 5134.32 
-47.6141 5158.38 
-47.6102 5182.56 
-47.6064 5206.85 
-47.6025 5231.25 
-47.5987 5255.78 
-47.5948 5280.42 
-47.5909 5305.18 
-47.5871 5330.06 
-47.5832 5355.05 
-47.5794 5380.17 
-47.5755 5405.41 
-47.5717 5430.76 
-47.5678 5456.24 
-47.5639 5481.84 
-47.5601 5507.57 
-47.5562 5533.42 
-47.5523 5559.39 
-47.5485 5585.48 
-47.5446 5611.7 
-47.5407 5638.05 
-47.5369 5664.52 
-47.533 5691.12 
-47.5291 5717.85 
-47.5253 5744.7 
-47.5214 5771.68 
-47.5175 5798.79 
-47.5136 5826.04 
-47.5098 5853.41 
-47.5059 5880.91 
-47.502 5908.55 
-47.4981 5936.32 
-47.4943 5964.22 
-47.4904 5992.25 
-47.4865 6020.42 
-47.4826 6048.73 
-47.4787 6077.17 
-47.4748 6105.74 
-47.471 6134.46 
-47.4671 6163.31 
-47.4632 6192.29 
-47.4593 6221.42 
-47.4554 6250.69 
-47.4515 6280.1 
-47.4476 6309.65 
-47.4438 6339.34 
-47.4398 6369.17 
-47.4361 6399.14 
-47.4319 6429.26 
-47.4287 6459.53 
-47.4234 6489.94 
-47.4221 6520.49 
-47.4133 6551.19 
-47.419 6582.04 
-47.3964 6613.04 
-47.4295 6644.18 
-47.3529 6675.48 
-47.4974 6706.91 
-47.208 6738.52 
-47.8312 6770.24 
-46.7783 6802.22 
-49.4854 6834.16 
-47.0936 6866.74 
-48.1305 6899.05 
-46.5733 6931.71 
-50.6812 6964.23 
-48.0785 6997.67 
-46.5527 7030.79 
-50.7899 7063.79 
-48.144 7097.72 
-46.4957 7131.33 
-51.176 7164.81 
-48.4763 7199.29 
-46.4462 7233.46 
-51.5329 7267.42 
-48.7857 7302.46 
-46.498 7337.18 
-51.0812 7371.65 
-48.3076 7407.11 
-46.3577 7442.25 
-52.228 7477.19 
-49.3937 7513.38 
-46.7732 7549.22 
-49.2337 7584.76 
-46.6368 7620.92 
-50.0007 7656.78 
-47.2036 7693.42 
-47.487 7729.73 
-46.8439 7766.27 
-48.797 7802.87 
-46.316 7839.99 
-52.4759 7876.85 
-49.4911 7915 
-46.6945 7952.8 
-49.5229 7990.27 
-46.6903 8028.43 
-49.5194 8066.26 
-46.6593 8104.79 
-49.679 8142.99 
-46.7546 8181.91 
-49.0972 8220.5 
-46.3142 8259.69 
-52.337 8298.57 
-49.1955 8338.73 
-46.3308 8378.51 
-52.1324 8417.96 
-48.9478 8458.66 
-46.1422 8498.98 
-54.133 8538.98 
-50.9007 8580.62 
-47.6834 8621.88 
-46.2317 8662.75 
-53.0395 8703.55 
-49.7448 8745.79 
-46.5826 8787.64 
-49.9246 8829.11 
-46.701 8871.38 
-49.1421 8913.28 
-46.0829 8955.82 
-54.7152 8998.01 
-51.313 9041.97 
-47.9088 9085.52 
-45.8579 9128.67 
-58.0762 9171.65 
-54.6194 9217.06 
-51.1352 9262.06 
-47.6542 9306.64 
-46.0109 9350.81 
-55.5611 9394.89 
-52.0132 9440.92 
-48.448 9486.52 
-45.5888 9531.69 
-63.503 9576.57 
-59.9122 9624.92 
-56.2921 9672.84 
-52.6426 9720.35 
-48.9692 9767.41 
-45.6651 9814.03 
-61.6236 9860.28 
-57.921 9909.65 
-54.1883 9958.59 
