-50.4586 32.5562 
-50.4578 32.5581 
-50.4571 32.5598 
-50.4564 32.5613 
-50.4558 32.5628 
-50.4552 32.5642 
-50.4547 32.5654 
-50.4542 32.5666 
-50.4537 32.5677 
-50.4533 32.5687 
-50.4529 32.5696 
-50.4526 32.5705 
-50.4523 32.5713 
-50.452 32.5721 
-50.4517 32.5728 
-50.4514 32.5735 
-50.4512 32.5741 
-50.451 32.5746 
-50.4508 32.5752 
-50.4506 32.5757 
-50.4504 32.5762 
-50.4503 32.5766 
-50.4501 32.5771 
-50.45 32.5775 
-50.4499 32.5778 
-50.4498 32.5782 
-50.4497 32.5785 
-50.4496 32.5788 
-50.4495 32.5792 
-50.4494 32.5794 
-50.4493 32.5797 
-50.4493 32.58 
-50.4492 32.5802 
-50.4492 32.5805 
-50.4491 32.5807 
-50.4491 32.581 
-50.449 32.5812 
-50.449 32.5814 
-50.4489 32.5816 
-50.4489 32.5818 
-50.4489 32.582 
-50.4488 32.5822 
-50.4488 32.5824 
-50.4488 32.5826 
-50.4487 32.5827 
-50.4487 32.5829 
-50.4487 32.5831 
-50.4487 32.5832 
-50.4487 32.5834 
-50.4487 32.5836 
-50.4486 32.5837 
-50.4486 32.5839 
-50.4486 32.584 
-50.4486 32.5842 
-50.4486 32.5844 
-50.4486 32.5845 
-50.4486 32.5847 
-50.4486 32.5848 
-50.4486 32.585 
-50.4486 32.5851 
-50.4485 32.5853 
-50.4485 32.5854 
-50.4485 32.5856 
-50.4485 32.5857 
-50.4485 32.5858 
-50.4485 32.586 
-50.4485 32.5861 
-50.4485 32.5863 
-50.4485 32.5864 
-50.4485 32.5866 
-50.4485 32.5867 
-50.4485 32.5869 
-50.4485 32.587 
-50.4485 32.5872 
-50.4485 32.5873 
-50.4485 32.5875 
-50.4485 32.5876 
-50.4485 32.5878 
-50.4485 32.5879 
-50.4485 32.5881 
-50.4485 32.5882 
-50.4485 32.5884 
-50.4485 32.5885 
-50.4485 32.5887 
-50.4485 32.5888 
-50.4485 32.589 
-50.4485 32.5891 
-50.4485 32.5893 
-50.4485 32.5894 
-50.4485 32.5896 
-50.4485 32.5897 
-50.4485 32.5899 
-50.4485 32.59 
-50.4485 32.5902 
-50.4485 32.5904 
-50.4485 32.5905 
-50.4485 32.5907 
-50.4485 32.5908 
-50.4485 32.591 
-50.4484 32.5911 
-50.4484 32.5913 
-50.4484 32.5915 
-50.4484 32.5916 
-50.4484 32.5918 
-50.4484 32.5919 
-50.4484 32.5921 
-50.4484 32.5923 
-50.4484 32.5924 
-50.4484 32.5926 
-50.4484 32.5928 
-50.4484 32.5929 
-50.4484 32.5931 
-50.4484 32.5933 
-50.4484 32.5934 
-50.4484 32.5936 
-50.4484 32.5938 
-50.4484 32.5939 
-50.4484 32.5941 
-50.4484 32.5943 
-50.4484 32.5945 
-50.4484 32.5946 
-50.4484 32.5948 
-50.4484 32.595 
-50.4484 32.5951 
-50.4484 32.5953 
-50.4484 32.5955 
-50.4484 32.5957 
-50.4484 32.5959 
-50.4484 32.596 
-50.4484 32.5962 
-50.4484 32.5964 
-50.4484 32.5966 
-50.4484 32.5968 
-50.4484 32.5969 
-50.4484 32.5971 
-50.4484 32.5973 
-50.4484 32.5975 
-50.4484 32.5977 
-50.4484 32.5979 
-50.4484 32.598 
-50.4484 32.5982 
-50.4484 32.5984 
-50.4484 32.5986 
-50.4484 32.5988 
-50.4484 32.599 
-50.4484 32.5992 
-50.4484 32.5994 
-50.4484 32.5996 
-50.4484 32.5998 
-50.4484 32.5999 
-50.4484 32.6001 
-50.4484 32.6003 
-50.4484 32.6005 
-50.4484 32.6007 
-50.4484 32.6009 
-50.4484 32.6011 
-50.4484 32.6013 
-50.4484 32.6015 
-50.4484 32.6017 
-50.4484 32.6019 
-50.4484 32.6021 
-50.4484 32.6023 
-50.4484 32.6025 
-50.4484 32.6027 
-50.4484 32.6029 
-50.4484 32.6031 
-50.4484 32.6034 
-50.4484 32.6036 
-50.4484 32.6038 
-50.4484 32.604 
-50.4484 32.6042 
-50.4484 32.6044 
-50.4484 32.6046 
-50.4484 32.6048 
-50.4484 32.605 
-50.4484 32.6053 
-50.4484 32.6055 
-50.4484 32.6057 
-50.4484 32.6059 
-50.4484 32.6061 
-50.4484 32.6063 
-50.4484 32.6066 
-50.4484 32.6068 
-50.4484 32.607 
-50.4484 32.6072 
-50.4484 32.6075 
-50.4484 32.6077 
-50.4484 32.6079 
-50.4484 32.6081 
-50.4484 32.6084 
-50.4484 32.6086 
-50.4484 32.6088 
-50.4484 32.6091 
-50.4484 32.6093 
-50.4484 32.6095 
-50.4484 32.6097 
-50.4484 32.61 
-50.4484 32.6102 
-50.4484 32.6105 
-50.4484 32.6107 
-50.4484 32.6109 
-50.4484 32.6112 
-50.4484 32.6114 
-50.4484 32.6116 
-50.4484 32.6119 
-50.4484 32.6121 
-50.4484 32.6124 
-50.4484 32.6126 
-50.4483 32.6129 
-50.4483 32.6131 
-50.4483 32.6134 
-50.4483 32.6136 
-50.4483 32.6139 
-50.4483 32.6141 
-50.4483 32.6144 
-50.4483 32.6146 
-50.4483 32.6149 
-50.4483 32.6151 
-50.4483 32.6154 
-50.4483 32.6156 
-50.4483 32.6159 
-50.4483 32.6161 
-50.4483 32.6164 
-50.4483 32.6167 
-50.4483 32.6169 
-50.4483 32.6172 
-50.4483 32.6174 
-50.4483 32.6177 
-50.4483 32.618 
-50.4483 32.6182 
-50.4483 32.6185 
-50.4483 32.6188 
-50.4483 32.6191 
-50.4483 32.6193 
-50.4483 32.6196 
-50.4483 32.6199 
-50.4483 32.6201 
-50.4483 32.6204 
-50.4483 32.6207 
-50.4483 32.621 
-50.4483 32.6213 
-50.4483 32.6215 
-50.4483 32.6218 
-50.4483 32.6221 
-50.4483 32.6224 
-50.4483 32.6227 
-50.4483 32.6229 
-50.4483 32.6232 
-50.4483 32.6235 
-50.4483 32.6238 
-50.4483 32.6241 
-50.4483 32.6244 
-50.4483 32.6247 
-50.4483 32.625 
-50.4483 32.6253 
-50.4483 32.6256 
-50.4483 32.6259 
-50.4483 32.6262 
-50.4483 32.6265 
-50.4483 32.6268 
-50.4483 32.6271 
-50.4483 32.6274 
-50.4483 32.6277 
-50.4483 32.628 
-50.4483 32.6283 
-50.4483 32.6286 
-50.4483 32.6289 
-50.4483 32.6292 
-50.4483 32.6295 
-50.4483 32.6298 
-50.4483 32.6302 
-50.4483 32.6305 
-50.4483 32.6308 
-50.4483 32.6311 
-50.4483 32.6314 
-50.4483 32.6317 
-50.4483 32.6321 
-50.4483 32.6324 
-50.4483 32.6327 
-50.4483 32.633 
-50.4483 32.6334 
-50.4483 32.6337 
-50.4483 32.634 
-50.4483 32.6344 
-50.4483 32.6347 
-50.4483 32.635 
-50.4482 32.6354 
-50.4482 32.6357 
-50.4482 32.636 
-50.4482 32.6364 
-50.4482 32.6367 
-50.4482 32.6371 
-50.4482 32.6374 
-50.4482 32.6377 
-50.4482 32.6381 
-50.4482 32.6384 
-50.4482 32.6388 
-50.4482 32.6391 
-50.4482 32.6395 
-50.4482 32.6398 
-50.4482 32.6402 
-50.4482 32.6406 
-50.4482 32.6409 
-50.4482 32.6413 
-50.4482 32.6416 
-50.4482 32.642 
-50.4482 32.6424 
-50.4482 32.6427 
-50.4482 32.6431 
-50.4482 32.6435 
-50.4482 32.6438 
-50.4482 32.6442 
-50.4482 32.6446 
-50.4482 32.6449 
-50.4482 32.6453 
-50.4482 32.6457 
-50.4482 32.6461 
-50.4482 32.6464 
-50.4482 32.6468 
-50.4482 32.6472 
-50.4482 32.6476 
-50.4482 32.648 
-50.4482 32.6484 
-50.4482 32.6488 
-50.4482 32.6491 
-50.4482 32.6495 
-50.4482 32.6499 
-50.4482 32.6503 
-50.4482 32.6507 
-50.4482 32.6511 
-50.4482 32.6515 
-50.4482 32.6519 
-50.4482 32.6523 
-50.4482 32.6527 
-50.4482 32.6531 
-50.4482 32.6535 
-50.4482 32.654 
-50.4482 32.6544 
-50.4482 32.6548 
-50.4482 32.6552 
-50.4482 32.6556 
-50.4482 32.656 
-50.4482 32.6564 
-50.4482 32.6569 
-50.4482 32.6573 
-50.4482 32.6577 
-50.4482 32.6581 
-50.4481 32.6586 
-50.4481 32.659 
-50.4481 32.6594 
-50.4481 32.6599 
-50.4481 32.6603 
-50.4481 32.6607 
-50.4481 32.6612 
-50.4481 32.6616 
-50.4481 32.6621 
-50.4481 32.6625 
-50.4481 32.6629 
-50.4481 32.6634 
-50.4481 32.6638 
-50.4481 32.6643 
-50.4481 32.6647 
-50.4481 32.6652 
-50.4481 32.6657 
-50.4481 32.6661 
-50.4481 32.6666 
-50.4481 32.667 
-50.4481 32.6675 
-50.4481 32.668 
-50.4481 32.6684 
-50.4481 32.6689 
-50.4481 32.6694 
-50.4481 32.6698 
-50.4481 32.6703 
-50.4481 32.6708 
-50.4481 32.6713 
-50.4481 32.6718 
-50.4481 32.6722 
-50.4481 32.6727 
-50.4481 32.6732 
-50.4481 32.6737 
-50.4481 32.6742 
-50.4481 32.6747 
-50.4481 32.6752 
-50.4481 32.6757 
-50.4481 32.6762 
-50.4481 32.6767 
-50.4481 32.6772 
-50.4481 32.6777 
-50.4481 32.6782 
-50.4481 32.6787 
-50.4481 32.6792 
-50.4481 32.6797 
-50.4481 32.6802 
-50.4481 32.6807 
-50.448 32.6813 
-50.448 32.6818 
-50.448 32.6823 
-50.448 32.6828 
-50.448 32.6834 
-50.448 32.6839 
-50.448 32.6844 
-50.448 32.6849 
-50.448 32.6855 
-50.448 32.686 
-50.448 32.6866 
-50.448 32.6871 
-50.448 32.6876 
-50.448 32.6882 
-50.448 32.6887 
-50.448 32.6893 
-50.448 32.6898 
-50.448 32.6904 
-50.448 32.691 
-50.448 32.6915 
-50.448 32.6921 
-50.448 32.6926 
-50.448 32.6932 
-50.448 32.6938 
-50.448 32.6943 
-50.448 32.6949 
-50.448 32.6955 
-50.448 32.6961 
-50.448 32.6967 
-50.448 32.6972 
-50.448 32.6978 
-50.448 32.6984 
-50.448 32.699 
-50.448 32.6996 
-50.448 32.7002 
-50.448 32.7008 
-50.448 32.7014 
-50.448 32.702 
-50.448 32.7026 
-50.448 32.7032 
-50.4479 32.7038 
-50.4479 32.7044 
-50.4479 32.705 
-50.4479 32.7056 
-50.4479 32.7063 
-50.4479 32.7069 
-50.4479 32.7075 
-50.4479 32.7081 
-50.4479 32.7088 
-50.4479 32.7094 
-50.4479 32.71 
-50.4479 32.7107 
-50.4479 32.7113 
-50.4479 32.7119 
-50.4479 32.7126 
-50.4479 32.7132 
-50.4479 32.7139 
-50.4479 32.7145 
-50.4479 32.7152 
-50.4479 32.7158 
-50.4479 32.7165 
-50.4479 32.7172 
-50.4479 32.7178 
-50.4479 32.7185 
-50.4479 32.7192 
-50.4479 32.7198 
-50.4479 32.7205 
-50.4479 32.7212 
-50.4479 32.7219 
-50.4479 32.7225 
-50.4479 32.7232 
-50.4479 32.7239 
-50.4479 32.7246 
-50.4479 32.7253 
-50.4478 32.726 
-50.4478 32.7267 
-50.4478 32.7274 
-50.4478 32.7281 
-50.4478 32.7288 
-50.4478 32.7295 
-50.4478 32.7302 
-50.4478 32.731 
-50.4478 32.7317 
-50.4478 32.7324 
-50.4478 32.7331 
-50.4478 32.7339 
-50.4478 32.7346 
-50.4478 32.7353 
-50.4478 32.7361 
-50.4478 32.7368 
-50.4478 32.7375 
-50.4478 32.7383 
-50.4478 32.739 
-50.4478 32.7398 
-50.4478 32.7406 
-50.4478 32.7413 
-50.4478 32.7421 
-50.4478 32.7428 
-50.4478 32.7436 
-50.4478 32.7444 
-50.4478 32.7451 
-50.4478 32.7459 
-50.4478 32.7467 
-50.4478 32.7475 
-50.4478 32.7483 
-50.4477 32.7491 
-50.4477 32.7499 
-50.4477 32.7507 
-50.4477 32.7514 
-50.4477 32.7523 
-50.4477 32.7531 
-50.4477 32.7539 
-50.4477 32.7547 
-50.4477 32.7555 
-50.4477 32.7563 
-50.4477 32.7571 
-50.4477 32.758 
-50.4477 32.7588 
-50.4477 32.7596 
-50.4477 32.7605 
-50.4477 32.7613 
-50.4477 32.7621 
-50.4477 32.763 
-50.4477 32.7638 
-50.4477 32.7647 
-50.4477 32.7655 
-50.4477 32.7664 
-50.4477 32.7673 
-50.4477 32.7681 
-50.4477 32.769 
-50.4477 32.7699 
-50.4477 32.7707 
-50.4476 32.7716 
-50.4476 32.7725 
-50.4476 32.7734 
-50.4476 32.7743 
-50.4476 32.7752 
-50.4476 32.7761 
-50.4476 32.777 
-50.4476 32.7779 
-50.4476 32.7788 
-50.4476 32.7797 
-50.4476 32.7806 
-50.4476 32.7815 
-50.4476 32.7825 
-50.4476 32.7834 
-50.4476 32.7843 
-50.4476 32.7852 
-50.4476 32.7862 
-50.4476 32.7871 
-50.4476 32.7881 
-50.4476 32.789 
-50.4476 32.79 
-50.4476 32.7909 
-50.4476 32.7919 
-50.4476 32.7928 
-50.4475 32.7938 
-50.4475 32.7948 
-50.4475 32.7958 
-50.4475 32.7967 
-50.4475 32.7977 
-50.4475 32.7987 
-50.4475 32.7997 
-50.4475 32.8007 
-50.4475 32.8017 
-50.4475 32.8027 
-50.4475 32.8037 
-50.4475 32.8047 
-50.4475 32.8057 
-50.4475 32.8068 
-50.4475 32.8078 
-50.4475 32.8088 
-50.4475 32.8098 
-50.4475 32.8109 
-50.4475 32.8119 
-50.4475 32.813 
-50.4475 32.814 
-50.4475 32.8151 
-50.4474 32.8161 
-50.4474 32.8172 
-50.4474 32.8183 
-50.4474 32.8193 
-50.4474 32.8204 
-50.4474 32.8215 
-50.4474 32.8226 
-50.4474 32.8236 
-50.4474 32.8247 
-50.4474 32.8258 
-50.4474 32.8269 
-50.4474 32.828 
-50.4474 32.8292 
-50.4474 32.8303 
-50.4474 32.8314 
-50.4474 32.8325 
-50.4474 32.8336 
-50.4474 32.8348 
-50.4474 32.8359 
-50.4474 32.837 
-50.4474 32.8382 
-50.4473 32.8393 
-50.4473 32.8405 
-50.4473 32.8417 
-50.4473 32.8428 
-50.4473 32.844 
-50.4473 32.8452 
-50.4473 32.8463 
-50.4473 32.8475 
-50.4473 32.8487 
-50.4473 32.8499 
-50.4473 32.8511 
-50.4473 32.8523 
-50.4473 32.8535 
-50.4473 32.8547 
-50.4473 32.8559 
-50.4473 32.8572 
-50.4473 32.8584 
-50.4473 32.8596 
-50.4473 32.8608 
-50.4472 32.8621 
-50.4472 32.8633 
-50.4472 32.8646 
-50.4472 32.8658 
-50.4472 32.8671 
-50.4472 32.8684 
-50.4472 32.8696 
-50.4472 32.8709 
-50.4472 32.8722 
-50.4472 32.8735 
-50.4472 32.8748 
-50.4472 32.8761 
-50.4472 32.8774 
-50.4472 32.8787 
-50.4472 32.88 
-50.4472 32.8813 
-50.4472 32.8826 
-50.4472 32.884 
-50.4471 32.8853 
-50.4471 32.8866 
-50.4471 32.888 
-50.4471 32.8893 
-50.4471 32.8907 
-50.4471 32.892 
-50.4471 32.8934 
-50.4471 32.8948 
-50.4471 32.8962 
-50.4471 32.8975 
-50.4471 32.8989 
-50.4471 32.9003 
-50.4471 32.9017 
-50.4471 32.9031 
-50.4471 32.9045 
-50.4471 32.906 
-50.447 32.9074 
-50.447 32.9088 
-50.447 32.9102 
-50.447 32.9117 
-50.447 32.9131 
-50.447 32.9146 
-50.447 32.916 
-50.447 32.9175 
-50.447 32.919 
-50.447 32.9204 
-50.447 32.9219 
-50.447 32.9234 
-50.447 32.9249 
-50.447 32.9264 
-50.447 32.9279 
-50.4469 32.9294 
-50.4469 32.9309 
-50.4469 32.9324 
-50.4469 32.934 
-50.4469 32.9355 
-50.4469 32.937 
-50.4469 32.9386 
-50.4469 32.9401 
-50.4469 32.9417 
-50.4469 32.9433 
-50.4469 32.9448 
-50.4469 32.9464 
-50.4469 32.948 
-50.4469 32.9496 
-50.4469 32.9512 
-50.4468 32.9528 
-50.4468 32.9544 
-50.4468 32.956 
-50.4468 32.9576 
-50.4468 32.9593 
-50.4468 32.9609 
-50.4468 32.9625 
-50.4468 32.9642 
-50.4468 32.9659 
-50.4468 32.9675 
-50.4468 32.9692 
-50.4468 32.9709 
-50.4468 32.9725 
-50.4468 32.9742 
-50.4467 32.9759 
-50.4467 32.9776 
-50.4467 32.9793 
-50.4467 32.9811 
-50.4467 32.9828 
-50.4467 32.9845 
-50.4467 32.9862 
-50.4467 32.988 
-50.4467 32.9897 
-50.4467 32.9915 
-50.4467 32.9933 
-50.4467 32.995 
-50.4467 32.9968 
-50.4466 32.9986 
-50.4466 33.0004 
-50.4466 33.0022 
-50.4466 33.004 
-50.4466 33.0058 
-50.4466 33.0076 
-50.4466 33.0095 
-50.4466 33.0113 
-50.4466 33.0131 
-50.4466 33.015 
-50.4466 33.0169 
-50.4466 33.0187 
-50.4465 33.0206 
-50.4465 33.0225 
-50.4465 33.0244 
-50.4465 33.0263 
-50.4465 33.0282 
-50.4465 33.0301 
-50.4465 33.032 
-50.4465 33.0339 
-50.4465 33.0359 
-50.4465 33.0378 
-50.4465 33.0398 
-50.4465 33.0417 
-50.4464 33.0437 
-50.4464 33.0457 
-50.4464 33.0476 
-50.4464 33.0496 
-50.4464 33.0516 
-50.4464 33.0536 
-50.4464 33.0557 
-50.4464 33.0577 
-50.4464 33.0597 
-50.4464 33.0617 
-50.4464 33.0638 
-50.4463 33.0658 
-50.4463 33.0679 
-50.4463 33.07 
-50.4463 33.0721 
-50.4463 33.0742 
-50.4463 33.0762 
-50.4463 33.0784 
-50.4463 33.0805 
-50.4463 33.0826 
-50.4463 33.0847 
-50.4463 33.0869 
-50.4462 33.089 
-50.4462 33.0912 
-50.4462 33.0933 
-50.4462 33.0955 
-50.4462 33.0977 
-50.4462 33.0999 
-50.4462 33.1021 
-50.4462 33.1043 
-50.4462 33.1065 
-50.4462 33.1087 
-50.4461 33.111 
-50.4461 33.1132 
-50.4461 33.1155 
-50.4461 33.1177 
-50.4461 33.12 
-50.4461 33.1223 
-50.4461 33.1246 
-50.4461 33.1269 
-50.4461 33.1292 
-50.4461 33.1315 
-50.446 33.1338 
-50.446 33.1362 
-50.446 33.1385 
-50.446 33.1409 
-50.446 33.1432 
-50.446 33.1456 
-50.446 33.148 
-50.446 33.1504 
-50.446 33.1528 
-50.4459 33.1552 
-50.4459 33.1576 
-50.4459 33.16 
-50.4459 33.1625 
-50.4459 33.1649 
-50.4459 33.1674 
-50.4459 33.1699 
-50.4459 33.1723 
-50.4459 33.1748 
-50.4459 33.1773 
-50.4458 33.1798 
-50.4458 33.1824 
-50.4458 33.1849 
-50.4458 33.1874 
-50.4458 33.19 
-50.4458 33.1925 
-50.4458 33.1951 
-50.4458 33.1977 
-50.4458 33.2003 
-50.4457 33.2029 
-50.4457 33.2055 
-50.4457 33.2081 
-50.4457 33.2108 
-50.4457 33.2134 
-50.4457 33.2161 
-50.4457 33.2187 
-50.4457 33.2214 
-50.4456 33.2241 
-50.4456 33.2268 
-50.4456 33.2295 
-50.4456 33.2322 
-50.4456 33.235 
-50.4456 33.2377 
-50.4456 33.2405 
-50.4456 33.2432 
-50.4455 33.246 
-50.4455 33.2488 
-50.4455 33.2516 
-50.4455 33.2544 
-50.4455 33.2572 
-50.4455 33.26 
-50.4455 33.2629 
-50.4455 33.2657 
-50.4454 33.2686 
-50.4454 33.2715 
-50.4454 33.2744 
-50.4454 33.2773 
-50.4454 33.2802 
-50.4454 33.2831 
-50.4454 33.286 
-50.4454 33.289 
-50.4453 33.2919 
-50.4453 33.2949 
-50.4453 33.2979 
-50.4453 33.3009 
-50.4453 33.3039 
-50.4453 33.3069 
-50.4453 33.3099 
-50.4453 33.313 
-50.4452 33.316 
-50.4452 33.3191 
-50.4452 33.3222 
-50.4452 33.3253 
-50.4452 33.3284 
-50.4452 33.3315 
-50.4452 33.3346 
-50.4451 33.3378 
-50.4451 33.3409 
-50.4451 33.3441 
-50.4451 33.3473 
-50.4451 33.3505 
-50.4451 33.3537 
-50.4451 33.3569 
-50.445 33.3601 
-50.445 33.3634 
-50.445 33.3666 
-50.445 33.3699 
-50.445 33.3732 
-50.445 33.3765 
-50.445 33.3798 
-50.4449 33.3831 
-50.4449 33.3864 
-50.4449 33.3898 
-50.4449 33.3932 
-50.4449 33.3965 
-50.4449 33.3999 
-50.4449 33.4033 
-50.4448 33.4067 
-50.4448 33.4102 
-50.4448 33.4136 
-50.4448 33.4171 
-50.4448 33.4205 
-50.4448 33.424 
-50.4447 33.4275 
-50.4447 33.4311 
-50.4447 33.4346 
-50.4447 33.4381 
-50.4447 33.4417 
-50.4447 33.4453 
-50.4447 33.4488 
-50.4446 33.4524 
-50.4446 33.4561 
-50.4446 33.4597 
-50.4446 33.4633 
-50.4446 33.467 
-50.4446 33.4707 
-50.4445 33.4743 
-50.4445 33.4781 
-50.4445 33.4818 
-50.4445 33.4855 
-50.4445 33.4892 
-50.4445 33.493 
-50.4444 33.4968 
-50.4444 33.5006 
-50.4444 33.5044 
-50.4444 33.5082 
-50.4444 33.5121 
-50.4444 33.5159 
-50.4443 33.5198 
-50.4443 33.5237 
-50.4443 33.5276 
-50.4443 33.5315 
-50.4443 33.5354 
-50.4443 33.5394 
-50.4442 33.5433 
-50.4442 33.5473 
-50.4442 33.5513 
-50.4442 33.5553 
-50.4442 33.5593 
-50.4441 33.5634 
-50.4441 33.5674 
-50.4441 33.5715 
-50.4441 33.5756 
-50.4441 33.5797 
-50.4441 33.5838 
-50.444 33.588 
-50.444 33.5921 
-50.444 33.5963 
-50.444 33.6005 
-50.444 33.6047 
-50.4439 33.6089 
-50.4439 33.6132 
-50.4439 33.6174 
-50.4439 33.6217 
-50.4439 33.626 
-50.4439 33.6303 
-50.4438 33.6347 
-50.4438 33.639 
-50.4438 33.6434 
-50.4438 33.6478 
-50.4438 33.6521 
-50.4437 33.6566 
-50.4437 33.661 
-50.4437 33.6655 
-50.4437 33.6699 
-50.4437 33.6744 
-50.4436 33.6789 
-50.4436 33.6834 
-50.4436 33.688 
-50.4436 33.6925 
-50.4436 33.6971 
-50.4435 33.7017 
-50.4435 33.7063 
-50.4435 33.711 
-50.4435 33.7156 
-50.4435 33.7203 
-50.4434 33.725 
-50.4434 33.7297 
-50.4434 33.7344 
-50.4434 33.7392 
-50.4434 33.7439 
-50.4433 33.7487 
-50.4433 33.7535 
-50.4433 33.7583 
-50.4433 33.7632 
-50.4432 33.768 
-50.4432 33.7729 
-50.4432 33.7778 
-50.4432 33.7827 
-50.4432 33.7877 
-50.4431 33.7927 
-50.4431 33.7976 
-50.4431 33.8026 
-50.4431 33.8077 
-50.4431 33.8127 
-50.443 33.8178 
-50.443 33.8228 
-50.443 33.8279 
-50.443 33.8331 
-50.4429 33.8382 
-50.4429 33.8434 
-50.4429 33.8485 
-50.4429 33.8538 
-50.4428 33.859 
-50.4428 33.8642 
-50.4428 33.8695 
-50.4428 33.8748 
-50.4428 33.8801 
-50.4427 33.8854 
-50.4427 33.8908 
-50.4427 33.8962 
-50.4427 33.9016 
-50.4426 33.907 
-50.4426 33.9124 
-50.4426 33.9179 
-50.4426 33.9234 
-50.4425 33.9289 
-50.4425 33.9344 
-50.4425 33.9399 
-50.4425 33.9455 
-50.4424 33.9511 
-50.4424 33.9567 
-50.4424 33.9624 
-50.4424 33.968 
-50.4423 33.9737 
-50.4423 33.9794 
-50.4423 33.9851 
-50.4423 33.9909 
-50.4422 33.9967 
-50.4422 34.0025 
-50.4422 34.0083 
-50.4422 34.0141 
-50.4421 34.02 
-50.4421 34.0259 
-50.4421 34.0318 
-50.4421 34.0378 
-50.442 34.0437 
-50.442 34.0497 
-50.442 34.0557 
-50.442 34.0618 
-50.4419 34.0678 
-50.4419 34.0739 
-50.4419 34.08 
-50.4418 34.0862 
-50.4418 34.0923 
-50.4418 34.0985 
-50.4418 34.1047 
-50.4417 34.1109 
-50.4417 34.1172 
-50.4417 34.1235 
-50.4417 34.1298 
-50.4416 34.1361 
-50.4416 34.1425 
-50.4416 34.1489 
-50.4415 34.1553 
-50.4415 34.1617 
-50.4415 34.1682 
-50.4415 34.1747 
-50.4414 34.1812 
-50.4414 34.1877 
-50.4414 34.1943 
-50.4413 34.2009 
-50.4413 34.2075 
-50.4413 34.2142 
-50.4413 34.2208 
-50.4412 34.2275 
-50.4412 34.2343 
-50.4412 34.241 
-50.4411 34.2478 
-50.4411 34.2546 
-50.4411 34.2614 
-50.441 34.2683 
-50.441 34.2752 
-50.441 34.2821 
-50.441 34.2891 
-50.4409 34.296 
-50.4409 34.303 
-50.4409 34.3101 
-50.4408 34.3171 
-50.4408 34.3242 
-50.4408 34.3313 
-50.4407 34.3385 
-50.4407 34.3456 
-50.4407 34.3528 
-50.4406 34.3601 
-50.4406 34.3673 
-50.4406 34.3746 
-50.4405 34.3819 
-50.4405 34.3893 
-50.4405 34.3967 
-50.4404 34.4041 
-50.4404 34.4115 
-50.4404 34.419 
-50.4403 34.4265 
-50.4403 34.434 
-50.4403 34.4415 
-50.4403 34.4491 
-50.4402 34.4567 
-50.4402 34.4644 
-50.4402 34.4721 
-50.4401 34.4798 
-50.4401 34.4875 
-50.44 34.4953 
-50.44 34.5031 
-50.44 34.5109 
-50.4399 34.5188 
-50.4399 34.5267 
-50.4399 34.5346 
-50.4398 34.5426 
-50.4398 34.5506 
-50.4398 34.5586 
-50.4397 34.5667 
-50.4397 34.5747 
-50.4397 34.5829 
-50.4396 34.591 
-50.4396 34.5992 
-50.4396 34.6074 
-50.4395 34.6157 
-50.4395 34.624 
-50.4394 34.6323 
-50.4394 34.6406 
-50.4394 34.649 
-50.4393 34.6575 
-50.4393 34.6659 
-50.4393 34.6744 
-50.4392 34.6829 
-50.4392 34.6915 
-50.4392 34.7001 
-50.4391 34.7087 
-50.4391 34.7174 
-50.439 34.726 
-50.439 34.7348 
-50.439 34.7435 
-50.4389 34.7523 
-50.4389 34.7612 
-50.4388 34.7701 
-50.4388 34.779 
-50.4388 34.7879 
-50.4387 34.7969 
-50.4387 34.8059 
-50.4386 34.8149 
-50.4386 34.824 
-50.4386 34.8332 
-50.4385 34.8423 
-50.4385 34.8515 
-50.4384 34.8607 
-50.4384 34.87 
-50.4384 34.8793 
-50.4383 34.8887 
-50.4383 34.8981 
-50.4382 34.9075 
-50.4382 34.9169 
-50.4382 34.9264 
-50.4381 34.936 
-50.4381 34.9455 
-50.438 34.9552 
-50.438 34.9648 
-50.4379 34.9745 
-50.4379 34.9842 
-50.4379 34.994 
-50.4378 35.0038 
-50.4378 35.0136 
-50.4377 35.0235 
-50.4377 35.0335 
-50.4376 35.0434 
-50.4376 35.0534 
-50.4376 35.0635 
-50.4375 35.0736 
-50.4375 35.0837 
-50.4374 35.0939 
-50.4374 35.1041 
-50.4373 35.1143 
-50.4373 35.1246 
-50.4372 35.1349 
-50.4372 35.1453 
-50.4372 35.1557 
-50.4371 35.1662 
-50.4371 35.1767 
-50.437 35.1872 
-50.437 35.1978 
-50.4369 35.2084 
-50.4369 35.2191 
-50.4368 35.2298 
-50.4368 35.2406 
-50.4367 35.2514 
-50.4367 35.2622 
-50.4366 35.2731 
-50.4366 35.284 
-50.4365 35.295 
-50.4365 35.306 
-50.4364 35.3171 
-50.4364 35.3282 
-50.4364 35.3393 
-50.4363 35.3505 
-50.4363 35.3618 
-50.4362 35.373 
-50.4362 35.3844 
-50.4361 35.3958 
-50.4361 35.4072 
-50.436 35.4186 
-50.436 35.4302 
-50.4359 35.4417 
-50.4359 35.4533 
-50.4358 35.465 
-50.4358 35.4767 
-50.4357 35.4884 
-50.4356 35.5002 
-50.4356 35.5121 
-50.4355 35.524 
-50.4355 35.5359 
-50.4354 35.5479 
-50.4354 35.5599 
-50.4353 35.572 
-50.4353 35.5841 
-50.4352 35.5963 
-50.4352 35.6085 
-50.4351 35.6208 
-50.4351 35.6331 
-50.435 35.6455 
-50.435 35.6579 
-50.4349 35.6704 
-50.4348 35.6829 
-50.4348 35.6955 
-50.4347 35.7082 
-50.4347 35.7208 
-50.4346 35.7336 
-50.4346 35.7463 
-50.4345 35.7592 
-50.4345 35.7721 
-50.4344 35.785 
-50.4343 35.798 
-50.4343 35.811 
-50.4342 35.8241 
-50.4342 35.8373 
-50.4341 35.8505 
-50.4341 35.8637 
-50.434 35.877 
-50.4339 35.8904 
-50.4339 35.9038 
-50.4338 35.9173 
-50.4338 35.9308 
-50.4337 35.9443 
-50.4337 35.958 
-50.4336 35.9717 
-50.4335 35.9854 
-50.4335 35.9992 
-50.4334 36.013 
-50.4333 36.0269 
-50.4333 36.0409 
-50.4332 36.0549 
-50.4332 36.069 
-50.4331 36.0831 
-50.433 36.0973 
-50.433 36.1116 
-50.4329 36.1259 
-50.4329 36.1402 
-50.4328 36.1546 
-50.4327 36.1691 
-50.4327 36.1836 
-50.4326 36.1982 
-50.4325 36.2129 
-50.4325 36.2276 
-50.4324 36.2424 
-50.4323 36.2572 
-50.4323 36.2721 
-50.4322 36.287 
-50.4322 36.302 
-50.4321 36.3171 
-50.432 36.3322 
-50.432 36.3474 
-50.4319 36.3627 
-50.4318 36.378 
-50.4318 36.3934 
-50.4317 36.4088 
-50.4316 36.4243 
-50.4316 36.4399 
-50.4315 36.4555 
-50.4314 36.4712 
-50.4314 36.4869 
-50.4313 36.5027 
-50.4312 36.5186 
-50.4311 36.5345 
-50.4311 36.5506 
-50.431 36.5666 
-50.4309 36.5828 
-50.4309 36.599 
-50.4308 36.6152 
-50.4307 36.6315 
-50.4306 36.6479 
-50.4306 36.6644 
-50.4305 36.6809 
-50.4304 36.6975 
-50.4304 36.7142 
-50.4303 36.7309 
-50.4302 36.7477 
-50.4301 36.7646 
-50.4301 36.7815 
-50.43 36.7985 
-50.4299 36.8156 
-50.4298 36.8327 
-50.4298 36.8499 
-50.4297 36.8672 
-50.4296 36.8845 
-50.4295 36.9019 
-50.4295 36.9194 
-50.4294 36.937 
-50.4293 36.9546 
-50.4292 36.9723 
-50.4292 36.9901 
-50.4291 37.0079 
-50.429 37.0258 
-50.4289 37.0438 
-50.4289 37.0618 
-50.4288 37.08 
-50.4287 37.0982 
-50.4286 37.1164 
-50.4285 37.1348 
-50.4285 37.1532 
-50.4284 37.1717 
-50.4283 37.1903 
-50.4282 37.2089 
-50.4281 37.2276 
-50.4281 37.2464 
-50.428 37.2653 
-50.4279 37.2843 
-50.4278 37.3033 
-50.4277 37.3224 
-50.4276 37.3416 
-50.4276 37.3608 
-50.4275 37.3801 
-50.4274 37.3996 
-50.4273 37.419 
-50.4272 37.4386 
-50.4271 37.4583 
-50.4271 37.478 
-50.427 37.4978 
-50.4269 37.5177 
-50.4268 37.5376 
-50.4267 37.5577 
-50.4266 37.5778 
-50.4265 37.598 
-50.4264 37.6183 
-50.4264 37.6387 
-50.4263 37.6591 
-50.4262 37.6797 
-50.4261 37.7003 
-50.426 37.721 
-50.4259 37.7418 
-50.4258 37.7626 
-50.4257 37.7836 
-50.4256 37.8046 
-50.4255 37.8257 
-50.4255 37.8469 
-50.4254 37.8682 
-50.4253 37.8896 
-50.4252 37.9111 
-50.4251 37.9326 
-50.425 37.9543 
-50.4249 37.976 
-50.4248 37.9978 
-50.4247 38.0197 
-50.4246 38.0417 
-50.4245 38.0638 
-50.4244 38.0859 
-50.4243 38.1082 
-50.4242 38.1305 
-50.4241 38.153 
-50.424 38.1755 
-50.4239 38.1981 
-50.4238 38.2208 
-50.4237 38.2436 
-50.4236 38.2665 
-50.4235 38.2895 
-50.4234 38.3125 
-50.4233 38.3357 
-50.4232 38.359 
-50.4231 38.3823 
-50.423 38.4058 
-50.4229 38.4293 
-50.4228 38.453 
-50.4227 38.4767 
-50.4226 38.5005 
-50.4225 38.5245 
-50.4224 38.5485 
-50.4223 38.5726 
-50.4222 38.5968 
-50.4221 38.6211 
-50.422 38.6455 
-50.4219 38.6701 
-50.4218 38.6947 
-50.4217 38.7194 
-50.4216 38.7442 
-50.4215 38.7691 
-50.4214 38.7941 
-50.4213 38.8192 
-50.4212 38.8444 
-50.4211 38.8697 
-50.4209 38.8952 
-50.4208 38.9207 
-50.4207 38.9463 
-50.4206 38.972 
-50.4205 38.9979 
-50.4204 39.0238 
-50.4203 39.0498 
-50.4202 39.076 
-50.4201 39.1022 
-50.4199 39.1286 
-50.4198 39.155 
-50.4197 39.1816 
-50.4196 39.2083 
-50.4195 39.2351 
-50.4194 39.2619 
-50.4193 39.2889 
-50.4191 39.316 
-50.419 39.3433 
-50.4189 39.3706 
-50.4188 39.398 
-50.4187 39.4256 
-50.4185 39.4532 
-50.4184 39.481 
-50.4183 39.5089 
-50.4182 39.5369 
-50.4181 39.565 
-50.4179 39.5932 
-50.4178 39.6216 
-50.4177 39.65 
-50.4176 39.6786 
-50.4175 39.7072 
-50.4173 39.736 
-50.4172 39.765 
-50.4171 39.794 
-50.417 39.8231 
-50.4168 39.8524 
-50.4167 39.8818 
-50.4166 39.9113 
-50.4165 39.9409 
-50.4163 39.9706 
-50.4162 40.0005 
-50.4161 40.0305 
-50.4159 40.0606 
-50.4158 40.0908 
-50.4157 40.1212 
-50.4156 40.1516 
-50.4154 40.1822 
-50.4153 40.2129 
-50.4152 40.2438 
-50.415 40.2747 
-50.4149 40.3058 
-50.4148 40.337 
-50.4146 40.3684 
-50.4145 40.3998 
-50.4144 40.4314 
-50.4142 40.4632 
-50.4141 40.495 
-50.414 40.527 
-50.4138 40.5591 
-50.4137 40.5913 
-50.4135 40.6237 
-50.4134 40.6562 
-50.4133 40.6888 
-50.4131 40.7216 
-50.413 40.7545 
-50.4128 40.7875 
-50.4127 40.8207 
-50.4126 40.854 
-50.4124 40.8874 
-50.4123 40.921 
-50.4121 40.9547 
-50.412 40.9885 
-50.4118 41.0225 
-50.4117 41.0566 
-50.4116 41.0908 
-50.4114 41.1252 
-50.4113 41.1597 
-50.4111 41.1944 
-50.411 41.2292 
-50.4108 41.2642 
-50.4107 41.2992 
-50.4105 41.3345 
-50.4104 41.3698 
-50.4102 41.4054 
-50.4101 41.441 
-50.4099 41.4768 
-50.4098 41.5128 
-50.4096 41.5489 
-50.4095 41.5851 
-50.4093 41.6215 
-50.4091 41.658 
-50.409 41.6947 
-50.4088 41.7315 
-50.4087 41.7685 
-50.4085 41.8056 
-50.4084 41.8429 
-50.4082 41.8803 
-50.4081 41.9179 
-50.4079 41.9557 
-50.4077 41.9935 
-50.4076 42.0316 
-50.4074 42.0698 
-50.4072 42.1081 
-50.4071 42.1466 
-50.4069 42.1853 
-50.4068 42.2241 
-50.4066 42.2631 
-50.4064 42.3022 
-50.4063 42.3415 
-50.4061 42.3809 
-50.4059 42.4205 
-50.4058 42.4603 
-50.4056 42.5002 
-50.4054 42.5403 
-50.4052 42.5806 
-50.4051 42.621 
-50.4049 42.6615 
-50.4047 42.7023 
-50.4046 42.7432 
-50.4044 42.7843 
-50.4042 42.8255 
-50.404 42.8669 
-50.4039 42.9085 
-50.4037 42.9502 
-50.4035 42.9921 
-50.4033 43.0342 
-50.4032 43.0765 
-50.403 43.1189 
-50.4028 43.1615 
-50.4026 43.2043 
-50.4024 43.2472 
-50.4023 43.2903 
-50.4021 43.3336 
-50.4019 43.3771 
-50.4017 43.4207 
-50.4015 43.4645 
-50.4013 43.5085 
-50.4012 43.5527 
-50.401 43.597 
-50.4008 43.6416 
-50.4006 43.6863 
-50.4004 43.7312 
-50.4002 43.7762 
-50.4 43.8215 
-50.3998 43.8669 
-50.3996 43.9126 
-50.3994 43.9584 
-50.3993 44.0044 
-50.3991 44.0506 
-50.3989 44.0969 
-50.3987 44.1435 
-50.3985 44.1902 
-50.3983 44.2372 
-50.3981 44.2843 
-50.3979 44.3316 
-50.3977 44.3791 
-50.3975 44.4268 
-50.3973 44.4747 
-50.3971 44.5228 
-50.3969 44.5711 
-50.3967 44.6196 
-50.3965 44.6682 
-50.3963 44.7171 
-50.3961 44.7662 
-50.3959 44.8155 
-50.3957 44.8649 
-50.3955 44.9146 
-50.3952 44.9645 
-50.395 45.0146 
-50.3948 45.0648 
-50.3946 45.1153 
-50.3944 45.166 
-50.3942 45.2169 
-50.394 45.268 
-50.3938 45.3193 
-50.3935 45.3708 
-50.3933 45.4225 
-50.3931 45.4745 
-50.3929 45.5266 
-50.3927 45.579 
-50.3925 45.6316 
-50.3922 45.6843 
-50.392 45.7373 
-50.3918 45.7905 
-50.3916 45.844 
-50.3914 45.8976 
-50.3911 45.9515 
-50.3909 46.0056 
-50.3907 46.0599 
-50.3905 46.1144 
-50.3902 46.1691 
-50.39 46.2241 
-50.3898 46.2793 
-50.3895 46.3347 
-50.3893 46.3903 
-50.3891 46.4462 
-50.3888 46.5023 
-50.3886 46.5586 
-50.3884 46.6152 
-50.3881 46.6719 
-50.3879 46.729 
-50.3877 46.7862 
-50.3874 46.8437 
-50.3872 46.9014 
-50.387 46.9593 
-50.3867 47.0175 
-50.3865 47.0759 
-50.3862 47.1346 
-50.386 47.1934 
-50.3857 47.2526 
-50.3855 47.3119 
-50.3853 47.3715 
-50.385 47.4314 
-50.3848 47.4915 
-50.3845 47.5518 
-50.3843 47.6124 
-50.384 47.6732 
-50.3838 47.7343 
-50.3835 47.7957 
-50.3832 47.8572 
-50.383 47.9191 
-50.3827 47.9811 
-50.3825 48.0435 
-50.3822 48.1061 
-50.382 48.1689 
-50.3817 48.232 
-50.3814 48.2953 
-50.3812 48.3589 
-50.3809 48.4228 
-50.3807 48.4869 
-50.3804 48.5513 
-50.3801 48.616 
-50.3799 48.6809 
-50.3796 48.7461 
-50.3793 48.8115 
-50.3791 48.8772 
-50.3788 48.9432 
-50.3785 49.0095 
-50.3782 49.076 
-50.378 49.1428 
-50.3777 49.2098 
-50.3774 49.2771 
-50.3771 49.3448 
-50.3769 49.4126 
-50.3766 49.4808 
-50.3763 49.5492 
-50.376 49.6179 
-50.3757 49.6869 
-50.3755 49.7562 
-50.3752 49.8258 
-50.3749 49.8956 
-50.3746 49.9657 
-50.3743 50.0361 
-50.374 50.1068 
-50.3737 50.1778 
-50.3735 50.2491 
-50.3732 50.3207 
-50.3729 50.3925 
-50.3726 50.4647 
-50.3723 50.5371 
-50.372 50.6099 
-50.3717 50.6829 
-50.3714 50.7562 
-50.3711 50.8299 
-50.3708 50.9038 
-50.3705 50.978 
-50.3702 51.0526 
-50.3699 51.1274 
-50.3696 51.2026 
-50.3693 51.278 
-50.369 51.3538 
-50.3687 51.4299 
-50.3684 51.5062 
-50.368 51.5829 
-50.3677 51.6599 
-50.3674 51.7372 
-50.3671 51.8149 
-50.3668 51.8928 
-50.3665 51.9711 
-50.3662 52.0497 
-50.3658 52.1286 
-50.3655 52.2078 
-50.3652 52.2874 
-50.3649 52.3673 
-50.3645 52.4475 
-50.3642 52.528 
-50.3639 52.6089 
-50.3636 52.6901 
-50.3632 52.7716 
-50.3629 52.8534 
-50.3626 52.9356 
-50.3623 53.0182 
-50.3619 53.101 
-50.3616 53.1842 
-50.3612 53.2678 
-50.3609 53.3517 
-50.3606 53.4359 
-50.3602 53.5205 
-50.3599 53.6054 
-50.3596 53.6906 
-50.3592 53.7763 
-50.3589 53.8622 
-50.3585 53.9485 
-50.3582 54.0352 
-50.3578 54.1222 
-50.3575 54.2096 
-50.3571 54.2973 
-50.3568 54.3854 
-50.3564 54.4739 
-50.3561 54.5627 
-50.3557 54.6519 
-50.3553 54.7414 
-50.355 54.8313 
-50.3546 54.9216 
-50.3543 55.0122 
-50.3539 55.1033 
-50.3535 55.1946 
-50.3532 55.2864 
-50.3528 55.3786 
-50.3524 55.4711 
-50.3521 55.564 
-50.3517 55.6572 
-50.3513 55.7509 
-50.351 55.8449 
-50.3506 55.9394 
-50.3502 56.0342 
-50.3498 56.1294 
-50.3494 56.225 
-50.3491 56.3209 
-50.3487 56.4173 
-50.3483 56.5141 
-50.3479 56.6113 
-50.3475 56.7088 
-50.3471 56.8068 
-50.3468 56.9051 
-50.3464 57.0039 
-50.346 57.1031 
-50.3456 57.2027 
-50.3452 57.3027 
-50.3448 57.403 
-50.3444 57.5039 
-50.344 57.6051 
-50.3436 57.7067 
-50.3432 57.8088 
-50.3428 57.9112 
-50.3424 58.0141 
-50.342 58.1174 
-50.3416 58.2212 
-50.3412 58.3254 
-50.3408 58.4299 
-50.3403 58.535 
-50.3399 58.6404 
-50.3395 58.7463 
-50.3391 58.8526 
-50.3387 58.9594 
-50.3383 59.0666 
-50.3378 59.1742 
-50.3374 59.2823 
-50.337 59.3908 
-50.3366 59.4997 
-50.3361 59.6092 
-50.3357 59.719 
-50.3353 59.8293 
-50.3348 59.9401 
-50.3344 60.0513 
-50.334 60.163 
-50.3335 60.2751 
-50.3331 60.3877 
-50.3327 60.5008 
-50.3322 60.6143 
-50.3318 60.7283 
-50.3313 60.8427 
-50.3309 60.9577 
-50.3304 61.0731 
-50.33 61.1889 
-50.3295 61.3053 
-50.3291 61.4221 
-50.3286 61.5394 
-50.3282 61.6572 
-50.3277 61.7755 
-50.3273 61.8943 
-50.3268 62.0135 
-50.3263 62.1333 
-50.3259 62.2535 
-50.3254 62.3742 
-50.3249 62.4955 
-50.3245 62.6172 
-50.324 62.7394 
-50.3235 62.8621 
-50.3231 62.9854 
-50.3226 63.1091 
-50.3221 63.2334 
-50.3216 63.3581 
-50.3211 63.4834 
-50.3207 63.6092 
-50.3202 63.7355 
-50.3197 63.8623 
-50.3192 63.9897 
-50.3187 64.1176 
-50.3182 64.246 
-50.3177 64.3749 
-50.3172 64.5044 
-50.3167 64.6344 
-50.3162 64.7649 
-50.3157 64.896 
-50.3152 65.0276 
-50.3147 65.1598 
-50.3142 65.2924 
-50.3137 65.4257 
-50.3132 65.5595 
-50.3127 65.6938 
-50.3122 65.8288 
-50.3117 65.9642 
-50.3112 66.1002 
-50.3106 66.2368 
-50.3101 66.3739 
-50.3096 66.5117 
-50.3091 66.6499 
-50.3085 66.7888 
-50.308 66.9282 
-50.3075 67.0682 
-50.307 67.2088 
-50.3064 67.3499 
-50.3059 67.4917 
-50.3054 67.634 
-50.3048 67.7769 
-50.3043 67.9204 
-50.3037 68.0645 
-50.3032 68.2092 
-50.3026 68.3545 
-50.3021 68.5004 
-50.3015 68.6469 
-50.301 68.794 
-50.3004 68.9417 
-50.2999 69.09 
-50.2993 69.2389 
-50.2988 69.3885 
-50.2982 69.5386 
-50.2976 69.6894 
-50.2971 69.8408 
-50.2965 69.9929 
-50.2959 70.1455 
-50.2954 70.2988 
-50.2948 70.4528 
-50.2942 70.6073 
-50.2936 70.7625 
-50.2931 70.9184 
-50.2925 71.0749 
-50.2919 71.232 
-50.2913 71.3898 
-50.2907 71.5483 
-50.2901 71.7074 
-50.2895 71.8671 
-50.289 72.0275 
-50.2884 72.1886 
-50.2878 72.3504 
-50.2872 72.5128 
-50.2866 72.6759 
-50.286 72.8397 
-50.2853 73.0042 
-50.2847 73.1693 
-50.2841 73.3351 
-50.2835 73.5016 
-50.2829 73.6688 
-50.2823 73.8367 
-50.2817 74.0053 
-50.281 74.1746 
-50.2804 74.3446 
-50.2798 74.5153 
-50.2792 74.6867 
-50.2785 74.8588 
-50.2779 75.0316 
-50.2773 75.2052 
-50.2766 75.3795 
-50.276 75.5545 
-50.2754 75.7302 
-50.2747 75.9066 
-50.2741 76.0838 
-50.2734 76.2617 
-50.2728 76.4404 
-50.2721 76.6198 
-50.2715 76.7999 
-50.2708 76.9808 
-50.2702 77.1625 
-50.2695 77.3449 
-50.2688 77.528 
-50.2682 77.712 
-50.2675 77.8967 
-50.2668 78.0821 
-50.2662 78.2683 
-50.2655 78.4553 
-50.2648 78.6431 
-50.2641 78.8317 
-50.2635 79.021 
-50.2628 79.2112 
-50.2621 79.4021 
-50.2614 79.5938 
-50.2607 79.7863 
-50.26 79.9797 
-50.2593 80.1738 
-50.2586 80.3687 
-50.2579 80.5645 
-50.2572 80.761 
-50.2565 80.9584 
-50.2558 81.1566 
-50.2551 81.3557 
-50.2544 81.5555 
-50.2537 81.7562 
-50.253 81.9577 
-50.2522 82.1601 
-50.2515 82.3633 
-50.2508 82.5674 
-50.2501 82.7723 
-50.2494 82.9781 
-50.2486 83.1847 
-50.2479 83.3922 
-50.2472 83.6006 
-50.2464 83.8098 
-50.2457 84.0199 
-50.2449 84.2309 
-50.2442 84.4427 
-50.2434 84.6555 
-50.2427 84.8691 
-50.2419 85.0836 
-50.2412 85.299 
-50.2404 85.5154 
-50.2397 85.7326 
-50.2389 85.9507 
-50.2381 86.1698 
-50.2374 86.3897 
-50.2366 86.6106 
-50.2358 86.8324 
-50.2351 87.0552 
-50.2343 87.2788 
-50.2335 87.5034 
-50.2327 87.729 
-50.2319 87.9555 
-50.2311 88.1829 
-50.2303 88.4113 
-50.2296 88.6406 
-50.2288 88.8709 
-50.228 89.1022 
-50.2272 89.3344 
-50.2264 89.5676 
-50.2256 89.8018 
-50.2247 90.037 
-50.2239 90.2731 
-50.2231 90.5103 
-50.2223 90.7484 
-50.2215 90.9875 
-50.2207 91.2277 
-50.2198 91.4688 
-50.219 91.711 
-50.2182 91.9541 
-50.2173 92.1983 
-50.2165 92.4436 
-50.2157 92.6898 
-50.2148 92.9371 
-50.214 93.1854 
-50.2131 93.4347 
-50.2123 93.6852 
-50.2114 93.9366 
-50.2106 94.1891 
-50.2097 94.4427 
-50.2089 94.6973 
-50.208 94.9531 
-50.2071 95.2098 
-50.2063 95.4677 
-50.2054 95.7267 
-50.2045 95.9867 
-50.2037 96.2478 
-50.2028 96.51 
-50.2019 96.7734 
-50.201 97.0378 
-50.2001 97.3034 
-50.1992 97.57 
-50.1983 97.8378 
-50.1974 98.1068 
-50.1965 98.3768 
-50.1956 98.648 
-50.1947 98.9203 
-50.1938 99.1938 
-50.1929 99.4684 
-50.192 99.7442 
-50.1911 100.021 
-50.1902 100.299 
-50.1892 100.579 
-50.1883 100.859 
-50.1874 101.141 
-50.1865 101.424 
-50.1855 101.708 
-50.1846 101.993 
-50.1836 102.279 
-50.1827 102.567 
-50.1818 102.856 
-50.1808 103.146 
-50.1799 103.437 
-50.1789 103.73 
-50.1779 104.023 
-50.177 104.318 
-50.176 104.615 
-50.1751 104.912 
-50.1741 105.211 
-50.1731 105.511 
-50.1721 105.812 
-50.1712 106.115 
-50.1702 106.419 
-50.1692 106.724 
-50.1682 107.03 
-50.1672 107.338 
-50.1662 107.647 
-50.1652 107.957 
-50.1642 108.269 
-50.1632 108.582 
-50.1622 108.896 
-50.1612 109.212 
-50.1602 109.529 
-50.1592 109.847 
-50.1582 110.167 
-50.1571 110.488 
-50.1561 110.81 
-50.1551 111.134 
-50.1541 111.459 
-50.153 111.785 
-50.152 112.113 
-50.1509 112.442 
-50.1499 112.773 
-50.1489 113.105 
-50.1478 113.439 
-50.1468 113.773 
-50.1457 114.11 
-50.1446 114.447 
-50.1436 114.787 
-50.1425 115.127 
-50.1414 115.469 
-50.1404 115.813 
-50.1393 116.158 
-50.1382 116.504 
-50.1371 116.852 
-50.136 117.201 
-50.135 117.552 
-50.1339 117.905 
-50.1328 118.258 
-50.1317 118.614 
-50.1306 118.971 
-50.1295 119.329 
-50.1284 119.689 
-50.1272 120.05 
-50.1261 120.413 
-50.125 120.778 
-50.1239 121.144 
-50.1228 121.511 
-50.1216 121.881 
-50.1205 122.251 
-50.1194 122.624 
-50.1182 122.998 
-50.1171 123.373 
-50.116 123.75 
-50.1148 124.129 
-50.1137 124.51 
-50.1125 124.892 
-50.1113 125.275 
-50.1102 125.66 
-50.109 126.047 
-50.1078 126.436 
-50.1067 126.826 
-50.1055 127.218 
-50.1043 127.611 
-50.1031 128.007 
-50.102 128.404 
-50.1008 128.802 
-50.0996 129.202 
-50.0984 129.605 
-50.0972 130.008 
-50.096 130.414 
-50.0948 130.821 
-50.0936 131.23 
-50.0923 131.641 
-50.0911 132.053 
-50.0899 132.467 
-50.0887 132.883 
-50.0875 133.301 
-50.0862 133.721 
-50.085 134.142 
-50.0838 134.565 
-50.0825 134.99 
-50.0813 135.417 
-50.08 135.846 
-50.0788 136.276 
-50.0775 136.708 
-50.0763 137.142 
-50.075 137.578 
-50.0737 138.016 
-50.0725 138.456 
-50.0712 138.898 
-50.0699 139.341 
-50.0686 139.787 
-50.0674 140.234 
-50.0661 140.684 
-50.0648 141.135 
-50.0635 141.588 
-50.0622 142.043 
-50.0609 142.5 
-50.0596 142.959 
-50.0583 143.42 
-50.057 143.883 
-50.0556 144.348 
-50.0543 144.815 
-50.053 145.284 
-50.0517 145.755 
-50.0503 146.228 
-50.049 146.703 
-50.0477 147.18 
-50.0463 147.66 
-50.045 148.141 
-50.0436 148.624 
-50.0423 149.109 
-50.0409 149.597 
-50.0396 150.087 
-50.0382 150.578 
-50.0368 151.072 
-50.0355 151.568 
-50.0341 152.066 
-50.0327 152.566 
-50.0313 153.069 
-50.0299 153.573 
-50.0285 154.08 
-50.0271 154.589 
-50.0258 155.1 
-50.0243 155.613 
-50.0229 156.129 
-50.0215 156.647 
-50.0201 157.167 
-50.0187 157.689 
-50.0173 158.214 
-50.0159 158.74 
-50.0144 159.269 
-50.013 159.801 
-50.0116 160.334 
-50.0101 160.87 
-50.0087 161.409 
-50.0072 161.949 
-50.0058 162.492 
-50.0043 163.038 
-50.0029 163.585 
-50.0014 164.135 
-50 164.688 
-49.9985 165.243 
-49.997 165.8 
-49.9955 166.359 
-49.994 166.921 
-49.9926 167.486 
-49.9911 168.053 
-49.9896 168.622 
-49.9881 169.194 
-49.9866 169.769 
-49.9851 170.345 
-49.9836 170.925 
-49.9821 171.507 
-49.9805 172.091 
-49.979 172.678 
-49.9775 173.268 
-49.976 173.86 
-49.9744 174.454 
-49.9729 175.052 
-49.9714 175.651 
-49.9698 176.254 
-49.9683 176.859 
-49.9667 177.467 
-49.9652 178.077 
-49.9636 178.69 
-49.962 179.305 
-49.9605 179.924 
-49.9589 180.545 
-49.9573 181.169 
-49.9558 181.795 
-49.9542 182.424 
-49.9526 183.056 
-49.951 183.691 
-49.9494 184.328 
-49.9478 184.968 
-49.9462 185.611 
-49.9446 186.257 
-49.943 186.906 
-49.9414 187.557 
-49.9397 188.212 
-49.9381 188.869 
-49.9365 189.529 
-49.9349 190.192 
-49.9332 190.858 
-49.9316 191.526 
-49.9299 192.198 
-49.9283 192.873 
-49.9266 193.55 
-49.925 194.231 
-49.9233 194.914 
-49.9217 195.601 
-49.92 196.29 
-49.9183 196.983 
-49.9167 197.678 
-49.915 198.377 
-49.9133 199.078 
-49.9116 199.783 
-49.9099 200.491 
-49.9082 201.202 
-49.9065 201.916 
-49.9048 202.633 
-49.9031 203.353 
-49.9014 204.077 
-49.8997 204.803 
-49.898 205.533 
-49.8962 206.266 
-49.8945 207.002 
-49.8928 207.742 
-49.891 208.485 
-49.8893 209.231 
-49.8876 209.98 
-49.8858 210.732 
-49.8841 211.488 
-49.8823 212.247 
-49.8805 213.01 
-49.8788 213.776 
-49.877 214.545 
-49.8752 215.317 
-49.8735 216.093 
-49.8717 216.873 
-49.8699 217.656 
-49.8681 218.442 
-49.8663 219.232 
-49.8645 220.025 
-49.8627 220.822 
-49.8609 221.622 
-49.8591 222.426 
-49.8573 223.233 
-49.8555 224.044 
-49.8536 224.858 
-49.8518 225.676 
-49.85 226.498 
-49.8481 227.323 
-49.8463 228.152 
-49.8445 228.985 
-49.8426 229.821 
-49.8408 230.661 
-49.8389 231.504 
-49.8371 232.352 
-49.8352 233.203 
-49.8333 234.058 
-49.8314 234.916 
-49.8296 235.779 
-49.8277 236.645 
-49.8258 237.515 
-49.8239 238.389 
-49.822 239.267 
-49.8201 240.149 
-49.8182 241.034 
-49.8163 241.924 
-49.8144 242.817 
-49.8125 243.715 
-49.8106 244.616 
-49.8087 245.521 
-49.8067 246.431 
-49.8048 247.344 
-49.8029 248.261 
-49.8009 249.183 
-49.799 250.109 
-49.797 251.038 
-49.7951 251.972 
-49.7931 252.91 
-49.7912 253.852 
-49.7892 254.799 
-49.7872 255.749 
-49.7853 256.704 
-49.7833 257.663 
-49.7813 258.626 
-49.7793 259.594 
-49.7773 260.565 
-49.7753 261.542 
-49.7733 262.522 
-49.7713 263.507 
-49.7693 264.496 
-49.7673 265.49 
-49.7653 266.488 
-49.7633 267.49 
-49.7613 268.497 
-49.7592 269.509 
-49.7572 270.524 
-49.7552 271.545 
-49.7531 272.57 
-49.7511 273.599 
-49.749 274.634 
-49.747 275.672 
-49.7449 276.716 
-49.7429 277.764 
-49.7408 278.816 
-49.7387 279.874 
-49.7367 280.936 
-49.7346 282.003 
-49.7325 283.074 
-49.7304 284.151 
-49.7283 285.232 
-49.7262 286.318 
-49.7242 287.409 
-49.722 288.505 
-49.7199 289.605 
-49.7178 290.711 
-49.7157 291.822 
-49.7136 292.937 
-49.7115 294.057 
-49.7093 295.183 
-49.7072 296.313 
-49.7051 297.449 
-49.7029 298.59 
-49.7008 299.735 
-49.6987 300.886 
-49.6965 302.042 
-49.6943 303.204 
-49.6922 304.37 
-49.69 305.542 
-49.6878 306.718 
-49.6857 307.901 
-49.6835 309.088 
-49.6813 310.281 
-49.6791 311.479 
-49.6769 312.683 
-49.6747 313.891 
-49.6725 315.106 
-49.6703 316.326 
-49.6681 317.551 
-49.6659 318.782 
-49.6637 320.018 
-49.6615 321.26 
-49.6593 322.507 
-49.657 323.76 
-49.6548 325.019 
-49.6526 326.283 
-49.6503 327.553 
-49.6481 328.829 
-49.6458 330.11 
-49.6436 331.397 
-49.6413 332.69 
-49.6391 333.989 
-49.6368 335.294 
-49.6345 336.604 
-49.6323 337.921 
-49.63 339.243 
-49.6277 340.571 
-49.6254 341.906 
-49.6231 343.246 
-49.6208 344.592 
-49.6185 345.945 
-49.6162 347.303 
-49.6139 348.668 
-49.6116 350.039 
-49.6093 351.416 
-49.607 352.799 
-49.6047 354.188 
-49.6023 355.584 
-49.6 356.986 
-49.5977 358.394 
-49.5953 359.809 
-49.593 361.23 
-49.5907 362.657 
-49.5883 364.091 
-49.5859 365.532 
-49.5836 366.979 
-49.5812 368.432 
-49.5789 369.892 
-49.5765 371.359 
-49.5741 372.832 
-49.5717 374.312 
-49.5693 375.799 
-49.567 377.292 
-49.5646 378.792 
-49.5622 380.299 
-49.5598 381.813 
-49.5574 383.333 
-49.555 384.861 
-49.5525 386.395 
-49.5501 387.936 
-49.5477 389.485 
-49.5453 391.04 
-49.5429 392.602 
-49.5404 394.172 
-49.538 395.748 
-49.5355 397.332 
-49.5331 398.923 
-49.5307 400.521 
-49.5282 402.127 
-49.5257 403.739 
-49.5233 405.359 
-49.5208 406.987 
-49.5183 408.621 
-49.5159 410.264 
-49.5134 411.913 
-49.5109 413.57 
-49.5084 415.235 
-49.5059 416.907 
-49.5035 418.587 
-49.501 420.275 
-49.4985 421.97 
-49.496 423.673 
-49.4934 425.383 
-49.4909 427.102 
-49.4884 428.828 
-49.4859 430.562 
-49.4834 432.304 
-49.4808 434.054 
-49.4783 435.811 
-49.4758 437.577 
-49.4732 439.351 
-49.4707 441.133 
-49.4681 442.923 
-49.4656 444.722 
-49.463 446.528 
-49.4605 448.343 
-49.4579 450.166 
-49.4553 451.997 
-49.4528 453.837 
-49.4502 455.685 
-49.4476 457.541 
-49.445 459.406 
-49.4424 461.28 
-49.4398 463.161 
-49.4373 465.052 
-49.4347 466.951 
-49.432 468.859 
-49.4294 470.776 
-49.4268 472.701 
-49.4242 474.635 
-49.4216 476.578 
-49.419 478.53 
-49.4164 480.491 
-49.4137 482.461 
-49.4111 484.44 
-49.4084 486.428 
-49.4058 488.425 
-49.4032 490.431 
-49.4005 492.446 
-49.3979 494.47 
-49.3952 496.504 
-49.3925 498.547 
-49.3899 500.6 
-49.3872 502.662 
-49.3845 504.733 
-49.3819 506.814 
-49.3792 508.904 
-49.3765 511.004 
-49.3738 513.113 
-49.3711 515.233 
-49.3684 517.362 
-49.3657 519.5 
-49.363 521.649 
-49.3603 523.807 
-49.3576 525.975 
-49.3549 528.154 
-49.3522 530.342 
-49.3495 532.54 
-49.3467 534.748 
-49.344 536.967 
-49.3413 539.195 
-49.3385 541.434 
-49.3358 543.684 
-49.333 545.943 
-49.3303 548.213 
-49.3276 550.493 
-49.3248 552.784 
-49.322 555.086 
-49.3193 557.397 
-49.3165 559.72 
-49.3137 562.053 
-49.311 564.397 
-49.3082 566.752 
-49.3054 569.118 
-49.3026 571.494 
-49.2998 573.882 
-49.2971 576.28 
-49.2943 578.69 
-49.2915 581.11 
-49.2887 583.542 
-49.2858 585.985 
-49.283 588.439 
-49.2802 590.905 
-49.2774 593.382 
-49.2746 595.87 
-49.2718 598.37 
-49.2689 600.881 
-49.2661 603.404 
-49.2633 605.938 
-49.2604 608.484 
-49.2576 611.042 
-49.2547 613.612 
-49.2519 616.194 
-49.249 618.787 
-49.2462 621.393 
-49.2433 624.01 
-49.2405 626.64 
-49.2376 629.282 
-49.2347 631.936 
-49.2319 634.602 
-49.229 637.281 
-49.2261 639.971 
-49.2232 642.675 
-49.2203 645.391 
-49.2174 648.119 
-49.2145 650.86 
-49.2117 653.614 
-49.2087 656.38 
-49.2058 659.16 
-49.2029 661.952 
-49.2 664.757 
-49.1971 667.575 
-49.1942 670.406 
-49.1913 673.25 
-49.1883 676.107 
-49.1854 678.978 
-49.1825 681.862 
-49.1795 684.759 
-49.1766 687.67 
-49.1737 690.594 
-49.1707 693.531 
-49.1678 696.483 
-49.1648 699.448 
-49.1619 702.427 
-49.1589 705.419 
-49.1559 708.425 
-49.153 711.446 
-49.15 714.48 
-49.147 717.529 
-49.1441 720.591 
-49.1411 723.668 
-49.1381 726.759 
-49.1351 729.864 
-49.1321 732.984 
-49.1291 736.119 
-49.1261 739.267 
-49.1231 742.431 
-49.1201 745.609 
-49.1171 748.802 
-49.1141 752.01 
-49.1111 755.232 
-49.1081 758.47 
-49.1051 761.723 
-49.102 764.991 
-49.099 768.274 
-49.096 771.572 
-49.093 774.885 
-49.0899 778.214 
-49.0869 781.559 
-49.0839 784.919 
-49.0808 788.295 
-49.0778 791.686 
-49.0747 795.093 
-49.0717 798.516 
-49.0686 801.955 
-49.0655 805.41 
-49.0625 808.881 
-49.0594 812.369 
-49.0563 815.872 
-49.0533 819.392 
-49.0502 822.928 
-49.0471 826.481 
-49.044 830.05 
-49.0409 833.636 
-49.0378 837.238 
-49.0348 840.857 
-49.0317 844.494 
-49.0286 848.147 
-49.0255 851.817 
-49.0224 855.504 
-49.0193 859.209 
-49.0161 862.931 
-49.013 866.67 
-49.0099 870.426 
-49.0068 874.201 
-49.0037 877.992 
-49.0005 881.802 
-48.9974 885.629 
-48.9943 889.474 
-48.9912 893.337 
-48.988 897.218 
-48.9849 901.117 
-48.9817 905.035 
-48.9786 908.97 
-48.9754 912.924 
-48.9723 916.897 
-48.9691 920.888 
-48.966 924.898 
-48.9628 928.926 
-48.9596 932.974 
-48.9565 937.04 
-48.9533 941.125 
-48.9501 945.229 
-48.947 949.353 
-48.9438 953.496 
-48.9406 957.658 
-48.9374 961.84 
-48.9342 966.041 
-48.931 970.262 
-48.9278 974.503 
-48.9246 978.763 
-48.9215 983.044 
-48.9183 987.344 
-48.915 991.665 
-48.9118 996.005 
-48.9086 1000.37 
-48.9054 1004.75 
-48.9022 1009.15 
-48.899 1013.57 
-48.8958 1018.02 
-48.8925 1022.48 
-48.8893 1026.97 
-48.8861 1031.47 
-48.8828 1036 
-48.8796 1040.55 
-48.8764 1045.12 
-48.8731 1049.71 
-48.8699 1054.32 
-48.8666 1058.96 
-48.8634 1063.61 
-48.8601 1068.29 
-48.8569 1072.99 
-48.8536 1077.71 
-48.8504 1082.46 
-48.8471 1087.22 
-48.8438 1092.01 
-48.8406 1096.82 
-48.8373 1101.66 
-48.834 1106.51 
-48.8307 1111.39 
-48.8275 1116.3 
-48.8242 1121.22 
-48.8209 1126.17 
-48.8176 1131.14 
-48.8143 1136.14 
-48.811 1141.15 
-48.8077 1146.2 
-48.8044 1151.26 
-48.8011 1156.35 
-48.7978 1161.46 
-48.7945 1166.6 
-48.7912 1171.76 
-48.7879 1176.95 
-48.7846 1182.16 
-48.7813 1187.39 
-48.778 1192.65 
-48.7746 1197.94 
-48.7713 1203.25 
-48.768 1208.58 
-48.7647 1213.94 
-48.7613 1219.32 
-48.758 1224.73 
-48.7547 1230.17 
-48.7513 1235.63 
-48.748 1241.11 
-48.7446 1246.63 
-48.7413 1252.16 
-48.7379 1257.73 
-48.7346 1263.32 
-48.7312 1268.94 
-48.7279 1274.58 
-48.7245 1280.25 
-48.7212 1285.94 
-48.7178 1291.67 
-48.7144 1297.42 
-48.7111 1303.19 
-48.7077 1309 
-48.7043 1314.83 
-48.7009 1320.69 
-48.6976 1326.58 
-48.6942 1332.49 
-48.6908 1338.43 
-48.6874 1344.4 
-48.684 1350.4 
-48.6806 1356.43 
-48.6772 1362.48 
-48.6738 1368.57 
-48.6704 1374.68 
-48.667 1380.82 
-48.6636 1386.99 
-48.6602 1393.19 
-48.6568 1399.42 
-48.6534 1405.68 
-48.65 1411.97 
-48.6466 1418.28 
-48.6432 1424.63 
-48.6398 1431.01 
-48.6363 1437.41 
-48.6329 1443.85 
-48.6295 1450.32 
-48.6261 1456.82 
-48.6226 1463.35 
-48.6192 1469.9 
-48.6158 1476.5 
-48.6123 1483.12 
-48.6089 1489.77 
-48.6055 1496.45 
-48.602 1503.17 
-48.5986 1509.92 
-48.5951 1516.7 
-48.5917 1523.51 
-48.5882 1530.35 
-48.5848 1537.23 
-48.5813 1544.14 
-48.5778 1551.08 
-48.5744 1558.05 
-48.5709 1565.06 
-48.5675 1572.1 
-48.564 1579.17 
-48.5605 1586.28 
-48.557 1593.42 
-48.5536 1600.6 
-48.5501 1607.81 
-48.5466 1615.05 
-48.5431 1622.32 
-48.5396 1629.64 
-48.5362 1636.98 
-48.5327 1644.36 
-48.5292 1651.78 
-48.5257 1659.23 
-48.5222 1666.71 
-48.5187 1674.23 
-48.5152 1681.79 
-48.5117 1689.38 
-48.5082 1697.01 
-48.5047 1704.67 
-48.5012 1712.38 
-48.4977 1720.11 
-48.4942 1727.89 
-48.4907 1735.7 
-48.4872 1743.54 
-48.4836 1751.43 
-48.4801 1759.35 
-48.4766 1767.31 
-48.4731 1775.31 
-48.4696 1783.34 
-48.466 1791.42 
-48.4625 1799.53 
-48.459 1807.68 
-48.4554 1815.87 
-48.4519 1824.09 
-48.4484 1832.36 
-48.4448 1840.67 
-48.4413 1849.01 
-48.4377 1857.39 
-48.4342 1865.82 
-48.4307 1874.28 
-48.4271 1882.79 
-48.4236 1891.33 
-48.42 1899.92 
-48.4165 1908.54 
-48.4129 1917.21 
-48.4093 1925.92 
-48.4058 1934.67 
-48.4022 1943.46 
-48.3987 1952.29 
-48.3951 1961.16 
-48.3915 1970.08 
-48.388 1979.04 
-48.3844 1988.04 
-48.3808 1997.08 
-48.3772 2006.17 
-48.3737 2015.3 
-48.3701 2024.47 
-48.3665 2033.69 
-48.3629 2042.95 
-48.3593 2052.25 
-48.3558 2061.6 
-48.3522 2070.99 
-48.3486 2080.43 
-48.345 2089.91 
-48.3414 2099.44 
-48.3378 2109.01 
-48.3342 2118.63 
-48.3306 2128.3 
-48.327 2138.01 
-48.3234 2147.76 
-48.3198 2157.56 
-48.3162 2167.41 
-48.3126 2177.31 
-48.309 2187.25 
-48.3054 2197.24 
-48.3018 2207.28 
-48.2981 2217.36 
-48.2945 2227.49 
-48.2909 2237.67 
-48.2873 2247.9 
-48.2837 2258.18 
-48.2801 2268.51 
-48.2764 2278.88 
-48.2728 2289.31 
-48.2692 2299.78 
-48.2655 2310.31 
-48.2619 2320.88 
-48.2583 2331.51 
-48.2546 2342.18 
-48.251 2352.91 
-48.2474 2363.69 
-48.2437 2374.51 
-48.2401 2385.39 
-48.2365 2396.32 
-48.2328 2407.31 
-48.2292 2418.34 
-48.2255 2429.43 
-48.2219 2440.57 
-48.2182 2451.77 
-48.2146 2463.01 
-48.2109 2474.32 
-48.2073 2485.67 
-48.2036 2497.08 
-48.1999 2508.54 
-48.1963 2520.06 
-48.1926 2531.63 
-48.189 2543.26 
-48.1853 2554.94 
-48.1816 2566.68 
-48.178 2578.47 
-48.1743 2590.32 
-48.1706 2602.23 
-48.1669 2614.19 
-48.1633 2626.21 
-48.1596 2638.29 
-48.1559 2650.43 
-48.1522 2662.62 
-48.1486 2674.87 
-48.1449 2687.18 
-48.1412 2699.55 
-48.1375 2711.97 
-48.1338 2724.46 
-48.1301 2737.01 
-48.1264 2749.61 
-48.1227 2762.28 
-48.1191 2775 
-48.1154 2787.79 
-48.1117 2800.63 
-48.108 2813.54 
-48.1043 2826.51 
-48.1006 2839.54 
-48.0969 2852.64 
-48.0932 2865.79 
-48.0895 2879.01 
-48.0858 2892.3 
-48.0821 2905.64 
-48.0783 2919.05 
-48.0746 2932.52 
-48.0709 2946.06 
-48.0672 2959.66 
-48.0635 2973.33 
-48.0598 2987.06 
-48.0561 3000.85 
-48.0523 3014.72 
-48.0486 3028.65 
-48.0449 3042.64 
-48.0412 3056.7 
-48.0375 3070.83 
-48.0337 3085.03 
-48.03 3099.29 
-48.0263 3113.62 
-48.0225 3128.02 
-48.0188 3142.49 
-48.0151 3157.03 
-48.0114 3171.64 
-48.0076 3186.32 
-48.0039 3201.06 
-48.0001 3215.88 
-47.9964 3230.77 
-47.9927 3245.73 
-47.9889 3260.76 
-47.9852 3275.86 
-47.9814 3291.04 
-47.9777 3306.28 
-47.9739 3321.6 
-47.9702 3337 
-47.9664 3352.46 
-47.9627 3368 
-47.9589 3383.62 
-47.9552 3399.31 
-47.9514 3415.07 
-47.9477 3430.91 
-47.9439 3446.82 
-47.9402 3462.81 
-47.9364 3478.88 
-47.9327 3495.02 
-47.9289 3511.24 
-47.9251 3527.54 
-47.9214 3543.92 
-47.9176 3560.37 
-47.9138 3576.9 
-47.9101 3593.52 
-47.9063 3610.21 
-47.9025 3626.98 
-47.8988 3643.83 
-47.895 3660.76 
-47.8912 3677.77 
-47.8874 3694.86 
-47.8837 3712.04 
-47.8799 3729.3 
-47.8761 3746.64 
-47.8723 3764.06 
-47.8685 3781.56 
-47.8648 3799.15 
-47.861 3816.83 
-47.8572 3834.58 
-47.8534 3852.43 
-47.8496 3870.35 
-47.8458 3888.37 
-47.842 3906.47 
-47.8382 3924.65 
-47.8345 3942.93 
-47.8307 3961.29 
-47.8269 3979.73 
-47.8231 3998.27 
-47.8193 4016.9 
-47.8155 4035.61 
-47.8117 4054.41 
-47.8079 4073.31 
-47.8041 4092.29 
-47.8003 4111.36 
-47.7965 4130.53 
-47.7927 4149.79 
-47.7889 4169.13 
-47.7851 4188.58 
-47.7813 4208.11 
-47.7774 4227.74 
-47.7736 4247.46 
-47.7698 4267.28 
-47.766 4287.19 
-47.7622 4307.19 
-47.7584 4327.29 
-47.7546 4347.49 
-47.7508 4367.79 
-47.7469 4388.18 
-47.7431 4408.67 
-47.7393 4429.25 
-47.7355 4449.94 
-47.7317 4470.72 
-47.7278 4491.61 
-47.724 4512.59 
-47.7202 4533.68 
-47.7164 4554.86 
-47.7125 4576.15 
-47.7087 4597.54 
-47.7049 4619.03 
-47.7011 4640.62 
-47.6972 4662.32 
-47.6934 4684.12 
-47.6896 4706.02 
-47.6857 4728.03 
-47.6819 4750.15 
-47.6781 4772.37 
-47.6742 4794.69 
-47.6704 4817.13 
-47.6666 4839.67 
-47.6627 4862.32 
-47.6589 4885.08 
-47.655 4907.94 
-47.6512 4930.92 
-47.6474 4954.01 
-47.6435 4977.2 
-47.6397 5000.51 
-47.6358 5023.93 
-47.632 5047.46 
-47.6281 5071.1 
-47.6243 5094.86 
-47.6204 5118.73 
-47.6166 5142.72 
-47.6127 5166.82 
-47.6089 5191.03 
-47.605 5215.36 
-47.6012 5239.81 
-47.5973 5264.38 
-47.5935 5289.06 
-47.5896 5313.86 
-47.5857 5338.78 
-47.5819 5363.82 
-47.578 5388.98 
-47.5742 5414.25 
-47.5703 5439.66 
-47.5664 5465.18 
-47.5626 5490.82 
-47.5587 5516.59 
-47.5548 5542.48 
-47.551 5568.49 
-47.5471 5594.63 
-47.5432 5620.9 
-47.5394 5647.29 
-47.5355 5673.8 
-47.5316 5700.45 
-47.5278 5727.22 
-47.5239 5754.12 
-47.52 5781.14 
-47.5162 5808.3 
-47.5123 5835.59 
-47.5084 5863.01 
-47.5045 5890.56 
-47.5007 5918.24 
-47.4968 5946.05 
-47.4929 5974 
-47.489 6002.08 
-47.4851 6030.3 
-47.4813 6058.65 
-47.4774 6087.14 
-47.4735 6115.76 
-47.4696 6144.52 
-47.4657 6173.42 
-47.4618 6202.46 
-47.458 6231.64 
-47.454 6260.95 
-47.4503 6290.41 
-47.446 6320.01 
-47.4429 6349.75 
-47.4377 6379.63 
-47.4362 6409.65 
-47.4278 6439.82 
-47.4324 6470.14 
-47.4123 6500.6 
-47.4398 6531.2 
-47.3757 6561.96 
-47.4912 6592.85 
-47.261 6623.91 
-47.7331 6655.08 
-46.9113 6686.49 
-48.8923 6717.9 
-46.764 6749.82 
-49.5808 6781.5 
-47.1856 6813.85 
-47.8661 6845.93 
-46.7231 6878.27 
-49.7583 6910.57 
-47.2784 6943.58 
-47.5702 6976.29 
-46.9932 7009.21 
-48.4365 7042.19 
-46.4994 7075.59 
-51.168 7108.8 
-48.4894 7143.01 
-46.4693 7176.91 
-51.3663 7210.6 
-48.6441 7245.34 
-46.4681 7279.76 
-51.3372 7313.94 
-48.5771 7349.18 
-46.4107 7384.08 
-51.7756 7418.76 
-48.9678 7454.58 
-46.5273 7490.06 
-50.8032 7525.27 
-47.9844 7561.43 
-46.3828 7597.24 
-51.9421 7632.94 
-49.0523 7669.82 
-46.4935 7706.36 
-50.9785 7742.6 
-48.0704 7779.84 
-46.2637 7816.72 
-53.0131 7853.46 
-50.0356 7891.6 
-47.1462 7929.38 
-47.5667 7966.82 
-46.6288 8004.51 
-49.9092 8042.22 
-46.9816 8080.7 
-48.0819 8118.84 
-46.1332 8157.36 
-54.3718 8195.71 
-51.2681 8235.75 
-48.1659 8275.41 
-46.0511 8314.7 
-55.3821 8353.79 
-52.2221 8394.77 
-49.0455 8435.38 
-46.2039 8475.6 
-53.417 8515.5 
-50.1924 8556.9 
-47.0358 8597.91 
-47.6846 8638.55 
-46.2241 8679.5 
-53.1164 8720.38 
-49.8153 8762.72 
-46.6342 8804.66 
-49.5761 8846.22 
-46.4116 8888.51 
-51.2071 8930.44 
-47.8476 8973.44 
-45.9432 9016.03 
-56.704 9058.48 
-53.2851 9103.1 
-49.8412 9147.31 
-46.5122 9191.1 
-50.2815 9234.5 
-46.8628 9278.8 
-48.1433 9322.68 
-45.6657 9367.01 
-61.7779 9411.11 
-58.2434 9458.35 
-54.6801 9505.17 
-51.0886 9551.57 
-47.5013 9597.54 
-46.1228 9643.07 
-53.946 9688.58 
-50.2844 9735.73 
-46.6784 9782.44 
-48.9365 9828.72 
-45.6252 9875.63 
-62.5068 9922.17 
-58.7839 9972 
