-42.8678 77.1368 
-60.4347 516.616 
-60.5353 514.541 
-60.6354 512.462 
-60.7349 510.379 
-60.8339 508.292 
-60.9323 506.201 
-61.0302 504.106 
-61.1276 502.007 
-61.2244 499.904 
-61.3206 497.798 
-61.4163 495.688 
-61.5115 493.574 
-61.6061 491.457 
-61.7002 489.336 
-61.7937 487.212 
-61.8867 485.084 
-61.9792 482.953 
-62.0711 480.819 
-62.1624 478.682 
-62.2532 476.541 
-62.3435 474.397 
-62.4332 472.25 
-62.5224 470.101 
-62.6111 467.948 
-62.6992 465.792 
-62.7867 463.634 
-62.8738 461.473 
-62.9602 459.309 
-63.0462 457.142 
-63.1316 454.973 
-63.2164 452.801 
-63.3008 450.627 
-63.3845 448.45 
-63.4678 446.271 
-63.5505 444.09 
-63.6326 441.906 
-63.7143 439.72 
-63.7954 437.532 
-63.8759 435.342 
-63.9559 433.15 
-64.0354 430.956 
-64.1144 428.759 
-64.1928 426.561 
-64.2707 424.361 
-64.348 422.16 
-64.4248 419.956 
-64.5011 417.751 
-64.5769 415.544 
-64.6521 413.336 
-64.7268 411.126 
-64.8009 408.915 
-64.8746 406.702 
-64.9477 404.488 
-65.0202 402.273 
-65.0923 400.056 
-65.1638 397.838 
-65.2348 395.619 
-65.3052 393.399 
-65.3752 391.177 
-65.4446 388.955 
-65.5135 386.732 
-65.5818 384.507 
-65.6497 382.282 
-65.717 380.057 
-65.7838 377.83 
-65.8501 375.603 
-65.9158 373.375 
-65.9811 371.146 
-66.0458 368.917 
-66.11 366.687 
-66.1737 364.457 
-66.2368 362.226 
-66.2995 359.995 
-66.3616 357.764 
-66.4232 355.532 
-66.4843 353.3 
-66.5449 351.068 
-66.605 348.836 
-66.6646 346.604 
-66.7236 344.372 
-66.7822 342.139 
-66.8402 339.907 
-66.8977 337.675 
-66.9548 335.443 
-67.0113 333.211 
-67.0673 330.979 
-67.1228 328.748 
-67.1778 326.517 
-67.2323 324.286 
-67.2863 322.056 
-67.3398 319.827 
-67.3928 317.597 
-67.4453 315.368 
-67.4973 313.14 
-67.5488 310.913 
-67.5998 308.686 
-67.6503 306.46 
-67.7003 304.235 
-67.7498 302.01 
-67.7988 299.786 
-67.8474 297.564 
-67.8954 295.342 
-67.943 293.121 
-67.99 290.901 
-68.0366 288.682 
-68.0827 286.465 
-68.1283 284.248 
-68.1734 282.033 
-68.218 279.819 
-68.2622 277.606 
-68.3058 275.394 
-68.349 273.184 
-68.3917 270.975 
-68.4339 268.768 
-68.4757 266.562 
-68.5169 264.358 
-68.5577 262.155 
-68.598 259.954 
-68.6378 257.754 
-68.6772 255.556 
-68.7161 253.36 
-68.7545 251.166 
-68.7925 248.973 
-68.83 246.782 
-68.867 244.593 
-68.9035 242.406 
-68.9396 240.221 
-68.9752 238.038 
-69.0104 235.857 
-69.045 233.677 
-69.0793 231.501 
-69.113 229.326 
-69.1464 227.153 
-69.1792 224.982 
-69.2116 222.814 
-69.2435 220.648 
-69.275 218.485 
-69.306 216.323 
-69.3366 214.164 
-69.3668 212.008 
-69.3964 209.854 
-69.4257 207.702 
-69.4544 205.553 
-69.4828 203.406 
-69.5107 201.263 
-69.5381 199.121 
-69.5651 196.983 
-69.5917 194.847 
-69.6178 192.714 
-69.6435 190.583 
-69.6687 188.455 
-69.6935 186.331 
-69.7179 184.209 
-69.7418 182.089 
-69.7653 179.973 
-69.7884 177.86 
-69.811 175.75 
-69.8332 173.643 
-69.855 171.539 
-69.8764 169.438 
-69.8973 167.34 
-69.9178 165.245 
-69.9379 163.153 
-69.9576 161.065 
-69.9768 158.98 
-69.9956 156.898 
-70.014 154.819 
-70.032 152.744 
-70.0496 150.672 
-70.0667 148.604 
-70.0835 146.539 
-70.0998 144.477 
-70.1157 142.419 
-70.1312 140.364 
-70.1463 138.313 
-70.161 136.265 
-70.1753 134.222 
-70.1892 132.181 
-70.2027 130.145 
-70.2158 128.112 
-70.2284 126.082 
-70.2407 124.057 
-70.2526 122.035 
-70.2641 120.017 
-70.2752 118.003 
-70.2859 115.992 
-70.2962 113.986 
-70.3061 111.983 
-70.3157 109.985 
-70.3248 107.99 
-70.3336 105.999 
-70.3419 104.012 
-70.3499 102.03 
-70.3575 100.051 
-70.3648 98.0764 
-70.3716 96.1059 
-70.3781 94.1395 
-70.3841 92.1772 
-70.3899 90.2192 
-70.3952 88.2653 
-70.4002 86.3156 
-70.4048 84.3702 
-70.409 82.4291 
-70.4128 80.4922 
-70.4163 78.5597 
-70.4194 76.6315 
-70.4222 74.7077 
-70.4246 72.7882 
-70.4266 70.8732 
-70.4283 68.9625 
-70.4296 67.0564 
-70.4306 65.1547 
-70.4312 63.2575 
-70.4314 61.3648 
-70.4313 59.4766 
-70.4308 57.593 
-70.43 55.714 
-70.4289 53.8396 
-70.4273 51.9698 
-70.4255 50.1046 
-70.4233 48.2441 
-70.4207 46.3883 
-70.4179 44.5372 
-70.4146 42.6908 
-70.4111 40.8491 
-70.4072 39.0122 
-70.4029 37.1801 
-70.3983 35.3528 
-70.3934 33.5303 
-70.3882 31.7127 
-70.3826 29.8998 
-70.3767 28.0919 
-70.3705 26.2889 
-70.3639 24.4907 
-70.357 22.6975 
-70.3498 20.9093 
-70.3423 19.126 
-70.3344 17.3477 
-70.3263 15.5744 
-70.3178 13.8061 
-70.309 12.0428 
-70.2999 10.2846 
-70.2904 8.5314 
-70.2807 6.78333 
-70.2706 5.04035 
-70.2603 3.30248 
-70.2496 1.56974 
-70.2386 -0.157848 
-70.2273 -1.88028 
-70.2157 -3.59754 
-70.2038 -5.3096 
-70.1917 -7.01647 
-70.1792 -8.71811 
-70.1664 -10.4145 
-70.1533 -12.1057 
-70.1399 -13.7916 
-70.1262 -15.4722 
-70.1123 -17.1475 
-70.098 -18.8175 
-70.0835 -20.4822 
-70.0686 -22.1416 
-70.0535 -23.7956 
-70.0381 -25.4442 
-70.0224 -27.0875 
-70.0065 -28.7254 
-69.9902 -30.3579 
-69.9737 -31.985 
-69.9569 -33.6067 
-69.9398 -35.2229 
-69.9225 -36.8337 
-69.9048 -38.439 
-69.8869 -40.0389 
-69.8688 -41.6333 
-69.8503 -43.2221 
-69.8316 -44.8055 
-69.8127 -46.3834 
-69.7934 -47.9557 
-69.7739 -49.5225 
-69.7542 -51.0837 
-69.7341 -52.6394 
-69.7139 -54.1895 
-69.6933 -55.7341 
-69.6725 -57.273 
-69.6515 -58.8064 
-69.6302 -60.3341 
-69.6087 -61.8563 
-69.5868 -63.3728 
-69.5648 -64.8836 
-69.5425 -66.3888 
-69.52 -67.8884 
-69.4972 -69.3823 
-69.4742 -70.8705 
-69.4509 -72.3531 
-69.4274 -73.8299 
-69.4036 -75.3011 
-69.3796 -76.7665 
-69.3554 -78.2263 
-69.331 -79.6803 
-69.3063 -81.1286 
-69.2814 -82.5712 
-69.2562 -84.008 
-69.2308 -85.439 
-69.2052 -86.8643 
-69.1794 -88.2839 
-69.1534 -89.6977 
-69.1271 -91.1057 
-69.1006 -92.5079 
-69.0739 -93.9043 
-69.0469 -95.295 
-69.0198 -96.6798 
-68.9924 -98.0588 
-68.9648 -99.4321 
-68.9371 -100.799 
-68.909 -102.161 
-68.8808 -103.517 
-68.8524 -104.867 
-68.8238 -106.211 
-68.795 -107.549 
-68.7659 -108.881 
-68.7367 -110.208 
-68.7072 -111.529 
-68.6776 -112.843 
-68.6477 -114.152 
-68.6177 -115.455 
-68.5875 -116.753 
-68.557 -118.044 
-68.5264 -119.329 
-68.4956 -120.609 
-68.4646 -121.883 
-68.4334 -123.151 
-68.402 -124.412 
-68.3705 -125.668 
-68.3387 -126.919 
-68.3068 -128.163 
-68.2747 -129.401 
-68.2424 -130.633 
-68.2099 -131.86 
-68.1773 -133.081 
-68.1444 -134.295 
-68.1114 -135.504 
-68.0783 -136.707 
-68.0449 -137.904 
-68.0114 -139.095 
-67.9777 -140.28 
-67.9439 -141.459 
-67.9099 -142.632 
-67.8757 -143.8 
-67.8413 -144.961 
-67.8068 -146.117 
-67.7721 -147.266 
-67.7373 -148.41 
-67.7023 -149.547 
-67.6672 -150.679 
-67.6319 -151.805 
-67.5964 -152.925 
-67.5608 -154.039 
-67.525 -155.147 
-67.4891 -156.249 
-67.4531 -157.346 
-67.4168 -158.436 
-67.3805 -159.52 
-67.344 -160.599 
-67.3074 -161.671 
-67.2706 -162.738 
-67.2336 -163.799 
-67.1966 -164.853 
-67.1594 -165.902 
-67.122 -166.945 
-67.0845 -167.982 
-67.0469 -169.014 
-67.0092 -170.039 
-66.9713 -171.058 
-66.9333 -172.072 
-66.8952 -173.079 
-66.8569 -174.081 
-66.8185 -175.077 
-66.78 -176.066 
-66.7414 -177.05 
-66.7026 -178.029 
-66.6637 -179.001 
-66.6247 -179.967 
-66.5856 -180.927 
-66.5464 -181.882 
-66.507 -182.831 
-66.4676 -183.774 
-66.428 -184.711 
-66.3883 -185.642 
-66.3485 -186.567 
-66.3086 -187.486 
-66.2685 -188.4 
-66.2284 -189.308 
-66.1882 -190.209 
-66.1478 -191.106 
-66.1074 -191.996 
-66.0668 -192.88 
-66.0262 -193.759 
-65.9854 -194.631 
-65.9446 -195.498 
-65.9037 -196.36 
-65.8626 -197.215 
-65.8215 -198.064 
-65.7803 -198.908 
-65.7389 -199.746 
-65.6975 -200.578 
-65.656 -201.405 
-65.6144 -202.225 
-65.5728 -203.04 
-65.531 -203.849 
-65.4892 -204.653 
-65.4472 -205.45 
-65.4052 -206.242 
-65.3631 -207.028 
-65.3209 -207.809 
-65.2787 -208.584 
-65.2364 -209.353 
-65.1939 -210.116 
-65.1515 -210.874 
-65.1089 -211.625 
-65.0663 -212.372 
-65.0236 -213.112 
-64.9808 -213.847 
-64.938 -214.576 
-64.895 -215.3 
-64.8521 -216.018 
-64.809 -216.73 
-64.7659 -217.437 
-64.7227 -218.138 
-64.6795 -218.833 
-64.6362 -219.523 
-64.5928 -220.207 
-64.5494 -220.886 
-64.506 -221.559 
-64.4624 -222.226 
-64.4188 -222.888 
-64.3752 -223.544 
-64.3315 -224.195 
-64.2878 -224.84 
-64.2439 -225.48 
-64.2001 -226.114 
-64.1562 -226.743 
-64.1123 -227.366 
-64.0683 -227.983 
-64.0242 -228.596 
-63.9801 -229.202 
-63.936 -229.803 
-63.8918 -230.399 
-63.8476 -230.989 
-63.8034 -231.574 
-63.7591 -232.153 
-63.7148 -232.727 
-63.6704 -233.296 
-63.626 -233.859 
-63.5816 -234.417 
-63.5371 -234.969 
-63.4926 -235.516 
-63.4481 -236.058 
-63.4035 -236.594 
-63.3589 -237.125 
-63.3143 -237.65 
-63.2696 -238.17 
-63.225 -238.685 
-63.1803 -239.195 
-63.1355 -239.699 
-63.0908 -240.198 
-63.046 -240.692 
-63.0012 -241.18 
-62.9564 -241.664 
-62.9116 -242.142 
-62.8667 -242.614 
-62.8218 -243.082 
-62.777 -243.544 
-62.7321 -244.001 
-62.6871 -244.453 
-62.6422 -244.9 
-62.5973 -245.341 
-62.5523 -245.778 
-62.5074 -246.209 
-62.4624 -246.635 
-62.4174 -247.056 
-62.3724 -247.472 
-62.3274 -247.883 
-62.2824 -248.289 
-62.2374 -248.69 
-62.1924 -249.085 
-62.1474 -249.476 
-62.1024 -249.861 
-62.0574 -250.242 
-62.0124 -250.617 
-61.9673 -250.988 
-61.9223 -251.353 
-61.8773 -251.714 
-61.8323 -252.069 
-61.7873 -252.42 
-61.7423 -252.766 
-61.6973 -253.106 
-61.6524 -253.442 
-61.6074 -253.773 
-61.5624 -254.099 
-61.5175 -254.42 
-61.4725 -254.736 
-61.4276 -255.048 
-61.3827 -255.354 
-61.3378 -255.656 
-61.2929 -255.953 
-61.248 -256.245 
-61.2032 -256.533 
-61.1583 -256.815 
-61.1135 -257.093 
-61.0687 -257.366 
-61.0239 -257.635 
-60.9792 -257.898 
-60.9344 -258.157 
-60.8897 -258.411 
-60.845 -258.661 
-60.8004 -258.906 
-60.7557 -259.146 
-60.7111 -259.381 
-60.6665 -259.612 
-60.622 -259.839 
-60.5774 -260.06 
-60.5329 -260.278 
-60.4884 -260.49 
-60.444 -260.698 
-60.3996 -260.902 
-60.3552 -261.101 
-60.3108 -261.295 
-60.2665 -261.485 
-60.2222 -261.67 
-60.178 -261.851 
-60.1338 -262.028 
-60.0896 -262.2 
-60.0455 -262.367 
-60.0014 -262.53 
-59.9573 -262.689 
-59.9133 -262.844 
-59.8693 -262.994 
-59.8254 -263.139 
-59.7815 -263.28 
-59.7376 -263.417 
-59.6938 -263.55 
-59.6501 -263.678 
-59.6064 -263.802 
-59.5627 -263.922 
-59.5191 -264.038 
-59.4755 -264.149 
-59.432 -264.256 
-59.3885 -264.359 
-59.3451 -264.457 
-59.3017 -264.552 
-59.2583 -264.642 
-59.2151 -264.728 
-59.1718 -264.81 
-59.1287 -264.887 
-59.0855 -264.961 
-59.0425 -265.031 
-58.9995 -265.096 
-58.9565 -265.158 
-58.9136 -265.215 
-58.8708 -265.268 
-58.828 -265.317 
-58.7853 -265.363 
-58.7426 -265.404 
-58.7 -265.441 
-58.6575 -265.474 
-58.615 -265.504 
-58.5725 -265.529 
-58.5302 -265.551 
-58.4879 -265.568 
-58.4456 -265.582 
-58.4035 -265.592 
-58.3614 -265.598 
-58.3193 -265.6 
-58.2774 -265.598 
-58.2354 -265.593 
-58.1936 -265.583 
-58.1518 -265.57 
-58.1101 -265.553 
-58.0685 -265.533 
-58.0269 -265.508 
-57.9854 -265.48 
-57.944 -265.448 
-57.9026 -265.413 
-57.8614 -265.373 
-57.8201 -265.331 
-57.779 -265.284 
-57.7379 -265.234 
-57.697 -265.18 
-57.656 -265.123 
-57.6152 -265.062 
-57.5744 -264.997 
-57.5337 -264.929 
-57.4931 -264.858 
-57.4526 -264.783 
-57.4121 -264.704 
-57.3717 -264.622 
-57.3314 -264.536 
-57.2912 -264.447 
-57.2511 -264.355 
-57.211 -264.259 
-57.171 -264.159 
-57.1311 -264.056 
-57.0913 -263.95 
-57.0516 -263.841 
-57.0119 -263.728 
-56.9723 -263.612 
-56.9329 -263.492 
-56.8935 -263.369 
-56.8541 -263.243 
-56.8149 -263.114 
-56.7757 -262.981 
-56.7367 -262.845 
-56.6977 -262.706 
-56.6588 -262.564 
-56.62 -262.418 
-56.5813 -262.269 
-56.5427 -262.117 
-56.5041 -261.962 
-56.4657 -261.804 
-56.4273 -261.643 
-56.389 -261.479 
-56.3508 -261.311 
-56.3127 -261.14 
-56.2747 -260.967 
-56.2368 -260.79 
-56.199 -260.611 
-56.1613 -260.428 
-56.1236 -260.242 
-56.0861 -260.053 
-56.0486 -259.862 
-56.0113 -259.667 
-55.974 -259.47 
-55.9368 -259.269 
-55.8997 -259.066 
-55.8628 -258.86 
-55.8259 -258.651 
-55.7891 -258.439 
-55.7524 -258.224 
-55.7157 -258.006 
-55.6792 -257.786 
-55.6428 -257.563 
-55.6065 -257.337 
-55.5703 -257.108 
-55.5341 -256.877 
-55.4981 -256.642 
-55.4622 -256.405 
-55.4263 -256.166 
-55.3906 -255.923 
-55.3549 -255.678 
-55.3194 -255.431 
-55.284 -255.181 
-55.2486 -254.928 
-55.2133 -254.672 
-55.1782 -254.414 
-55.1431 -254.153 
-55.1082 -253.89 
-55.0733 -253.624 
-55.0386 -253.356 
-55.0039 -253.085 
-54.9693 -252.812 
-54.9349 -252.536 
-54.9005 -252.258 
-54.8662 -251.977 
-54.8321 -251.694 
-54.798 -251.408 
-54.764 -251.12 
-54.7301 -250.83 
-54.6964 -250.537 
-54.6627 -250.242 
-54.6291 -249.944 
-54.5956 -249.644 
-54.5623 -249.342 
-54.529 -249.037 
-54.4958 -248.731 
-54.4627 -248.421 
-54.4297 -248.11 
-54.3968 -247.796 
-54.364 -247.481 
-54.3313 -247.163 
-54.2987 -246.842 
-54.2662 -246.52 
-54.2338 -246.195 
-54.2015 -245.868 
-54.1693 -245.539 
-54.1372 -245.208 
-54.1052 -244.875 
-54.0733 -244.539 
-54.0414 -244.202 
-54.0097 -243.862 
-53.978 -243.521 
-53.9465 -243.177 
-53.915 -242.831 
-53.8837 -242.484 
-53.8524 -242.134 
-53.8212 -241.782 
-53.7901 -241.428 
-53.7591 -241.073 
-53.7282 -240.715 
-53.6974 -240.355 
-53.6667 -239.994 
-53.636 -239.63 
-53.6055 -239.265 
-53.575 -238.897 
-53.5446 -238.528 
-53.5143 -238.157 
-53.4841 -237.784 
-53.4539 -237.409 
-53.4239 -237.033 
-53.3939 -236.654 
-53.364 -236.274 
-53.3342 -235.892 
-53.3045 -235.508 
-53.2748 -235.122 
-53.2452 -234.735 
-53.2157 -234.345 
-53.1862 -233.954 
-53.1569 -233.562 
-53.1276 -233.167 
-53.0983 -232.771 
-53.0692 -232.373 
-53.0401 -231.974 
-53.011 -231.573 
-52.9821 -231.17 
-52.9532 -230.765 
-52.9243 -230.359 
-52.8955 -229.951 
-52.8668 -229.541 
-52.8381 -229.13 
-52.8094 -228.717 
-52.7809 -228.303 
-52.7523 -227.887 
-52.7238 -227.469 
-52.6954 -227.05 
-52.667 -226.63 
-52.6386 -226.207 
-52.6102 -225.783 
-52.5819 -225.358 
-52.5537 -224.931 
-52.5254 -224.502 
-52.4972 -224.072 
-52.469 -223.641 
-52.4408 -223.207 
-52.4126 -222.773 
-52.3845 -222.337 
-52.3563 -221.899 
-52.3282 -221.46 
-52.3 -221.019 
-52.2719 -220.577 
-52.2437 -220.133 
-52.2155 -219.688 
-52.1873 -219.241 
-52.1591 -218.793 
-52.1309 -218.343 
-52.1026 -217.892 
-52.0743 -217.44 
-52.0459 -216.985 
-52.0175 -216.53 
-51.9891 -216.073 
-51.9606 -215.614 
-51.932 -215.154 
-51.9034 -214.692 
-51.8746 -214.229 
-51.8458 -213.765 
-51.8169 -213.299 
-51.7879 -212.831 
-51.7587 -212.362 
-51.7295 -211.891 
-51.7001 -211.419 
-51.6706 -210.945 
-51.6409 -210.47 
-51.611 -209.993 
-51.581 -209.515 
-51.5508 -209.035 
-51.5204 -208.554 
-51.4898 -208.07 
-51.4589 -207.586 
-51.4278 -207.099 
-51.3965 -206.611 
-51.3648 -206.121 
-51.3329 -205.63 
-51.3006 -205.137 
-51.268 -204.642 
-51.2351 -204.145 
-51.2017 -203.647 
-51.1679 -203.146 
-51.1337 -202.644 
-51.099 -202.14 
-51.0638 -201.634 
-51.0281 -201.126 
-50.9918 -200.616 
-50.9548 -200.104 
-50.9172 -199.589 
-50.8788 -199.073 
-50.8396 -198.554 
-50.7996 -198.033 
-50.7587 -197.51 
-50.7168 -196.984 
-50.6738 -196.456 
-50.6296 -195.925 
-50.5842 -195.391 
-50.5373 -194.854 
-50.4889 -194.314 
-50.4389 -193.772 
-50.3869 -193.226 
-50.3329 -192.676 
-50.2766 -192.123 
-50.2177 -191.567 
-50.1558 -191.006 
-50.0907 -190.441 
-50.0218 -189.871 
-49.9485 -189.296 
-49.8702 -188.717 
-49.786 -188.131 
-49.6947 -187.539 
-49.595 -186.941 
-49.4848 -186.334 
-49.3614 -185.719 
-49.2213 -185.095 
-49.0586 -184.459 
-48.8647 -183.81 
-48.6246 -183.144 
-48.3105 -182.459 
-47.8616 -181.746 
-47.1087 -180.995 
-45.2985 -180.176 
-30.1353 -179.195 
-60.4032 260.471 
-60.4561 259.016 
-60.5086 257.56 
-60.5608 256.102 
-60.6126 254.643 
-60.6641 253.183 
-60.7152 251.722 
-60.766 250.26 
-60.8164 248.797 
-60.8664 247.332 
-60.9161 245.867 
-60.9655 244.4 
-61.0145 242.933 
-61.0631 241.464 
-61.1114 239.995 
-61.1594 238.525 
-61.2069 237.054 
-61.2542 235.582 
-61.3011 234.11 
-61.3476 232.637 
-61.3938 231.163 
-61.4397 229.688 
-61.4852 228.213 
-61.5303 226.737 
-61.5751 225.261 
-61.6196 223.784 
-61.6637 222.307 
-61.7075 220.829 
-61.7509 219.351 
-61.794 217.872 
-61.8367 216.393 
-61.8791 214.914 
-61.9212 213.434 
-61.9629 211.955 
-62.0043 210.475 
-62.0453 208.994 
-62.086 207.514 
-62.1263 206.033 
-62.1663 204.553 
-62.206 203.072 
-62.2453 201.591 
-62.2843 200.11 
-62.3229 198.629 
-62.3612 197.149 
-62.3992 195.668 
-62.4369 194.187 
-62.4742 192.707 
-62.5111 191.227 
-62.5478 189.747 
-62.5841 188.267 
-62.62 186.787 
-62.6557 185.308 
-62.691 183.829 
-62.7259 182.35 
-62.7606 180.872 
-62.7949 179.394 
-62.8288 177.917 
-62.8625 176.44 
-62.8958 174.964 
-62.9288 173.488 
-62.9615 172.012 
-62.9938 170.538 
-63.0258 169.064 
-63.0575 167.59 
-63.0889 166.117 
-63.1199 164.645 
-63.1506 163.174 
-63.181 161.703 
-63.2111 160.233 
-63.2408 158.764 
-63.2702 157.296 
-63.2993 155.828 
-63.3281 154.362 
-63.3566 152.896 
-63.3847 151.431 
-63.4126 149.968 
-63.4401 148.505 
-63.4673 147.043 
-63.4941 145.583 
-63.5207 144.123 
-63.547 142.664 
-63.5729 141.207 
-63.5985 139.751 
-63.6238 138.296 
-63.6488 136.842 
-63.6735 135.389 
-63.6979 133.938 
-63.722 132.488 
-63.7457 131.039 
-63.7692 129.592 
-63.7923 128.146 
-63.8152 126.701 
-63.8377 125.257 
-63.8599 123.816 
-63.8819 122.375 
-63.9035 120.936 
-63.9248 119.499 
-63.9458 118.063 
-63.9665 116.628 
-63.9869 115.195 
-64.0071 113.764 
-64.0269 112.335 
-64.0464 110.907 
-64.0656 109.48 
-64.0845 108.056 
-64.1032 106.633 
-64.1215 105.211 
-64.1395 103.792 
-64.1573 102.374 
-64.1747 100.958 
-64.1919 99.5443 
-64.2088 98.1321 
-64.2254 96.7218 
-64.2417 95.3133 
-64.2577 93.9067 
-64.2734 92.5021 
-64.2888 91.0995 
-64.3039 89.6988 
-64.3188 88.3001 
-64.3334 86.9034 
-64.3477 85.5087 
-64.3617 84.1161 
-64.3754 82.7256 
-64.3888 81.3372 
-64.402 79.9509 
-64.4149 78.5668 
-64.4275 77.1848 
-64.4398 75.805 
-64.4519 74.4274 
-64.4637 73.052 
-64.4752 71.6789 
-64.4864 70.308 
-64.4973 68.9394 
-64.508 67.5731 
-64.5184 66.2091 
-64.5286 64.8475 
-64.5384 63.4882 
-64.548 62.1312 
-64.5574 60.7767 
-64.5664 59.4246 
-64.5752 58.075 
-64.5837 56.7277 
-64.592 55.383 
-64.6 54.0407 
-64.6077 52.7009 
-64.6152 51.3637 
-64.6224 50.029 
-64.6294 48.6969 
-64.6361 47.3673 
-64.6425 46.0403 
-64.6487 44.7159 
-64.6546 43.3942 
-64.6603 42.0751 
-64.6657 40.7587 
-64.6708 39.4449 
-64.6758 38.1339 
-64.6804 36.8255 
-64.6848 35.5199 
-64.6889 34.217 
-64.6928 32.9169 
-64.6965 31.6196 
-64.6999 30.325 
-64.7031 29.0333 
-64.706 27.7444 
-64.7086 26.4583 
-64.7111 25.1751 
-64.7132 23.8947 
-64.7152 22.6173 
-64.7169 21.3427 
-64.7183 20.0711 
-64.7195 18.8024 
-64.7205 17.5366 
-64.7212 16.2738 
-64.7217 15.0139 
-64.722 13.7571 
-64.722 12.5032 
-64.7218 11.2524 
-64.7214 10.0046 
-64.7207 8.75987 
-64.7198 7.51818 
-64.7187 6.27956 
-64.7173 5.04402 
-64.7157 3.81159 
-64.7139 2.58227 
-64.7119 1.35607 
-64.7096 0.133016 
-64.7071 -1.08689 
-64.7044 -2.30363 
-64.7015 -3.51719 
-64.6983 -4.72756 
-64.6949 -5.93473 
-64.6913 -7.13868 
-64.6875 -8.3394 
-64.6834 -9.53689 
-64.6792 -10.7311 
-64.6747 -11.9221 
-64.67 -13.1098 
-64.6651 -14.2942 
-64.66 -15.4753 
-64.6547 -16.6531 
-64.6492 -17.8276 
-64.6434 -18.9987 
-64.6375 -20.1665 
-64.6313 -21.331 
-64.6249 -22.4921 
-64.6183 -23.6498 
-64.6115 -24.8041 
-64.6046 -25.955 
-64.5974 -27.1025 
-64.59 -28.2466 
-64.5824 -29.3873 
-64.5746 -30.5245 
-64.5666 -31.6583 
-64.5584 -32.7886 
-64.55 -33.9154 
-64.5414 -35.0388 
-64.5326 -36.1587 
-64.5236 -37.2751 
-64.5144 -38.3879 
-64.5051 -39.4973 
-64.4955 -40.6031 
-64.4857 -41.7054 
-64.4758 -42.8042 
-64.4657 -43.8994 
-64.4553 -44.9911 
-64.4448 -46.0791 
-64.4341 -47.1637 
-64.4233 -48.2446 
-64.4122 -49.3219 
-64.4009 -50.3956 
-64.3895 -51.4657 
-64.3779 -52.5322 
-64.3661 -53.5951 
-64.3541 -54.6543 
-64.342 -55.7099 
-64.3296 -56.7619 
-64.3171 -57.8102 
-64.3045 -58.8548 
-64.2916 -59.8957 
-64.2786 -60.933 
-64.2654 -61.9666 
-64.252 -62.9965 
-64.2384 -64.0227 
-64.2247 -65.0452 
-64.2108 -66.064 
-64.1968 -67.0791 
-64.1825 -68.0904 
-64.1682 -69.0981 
-64.1536 -70.102 
-64.1389 -71.1021 
-64.124 -72.0985 
-64.109 -73.0911 
-64.0938 -74.08 
-64.0784 -75.0651 
-64.0629 -76.0464 
-64.0472 -77.024 
-64.0313 -77.9978 
-64.0154 -78.9678 
-63.9992 -79.934 
-63.9829 -80.8964 
-63.9664 -81.855 
-63.9498 -82.8098 
-63.933 -83.7608 
-63.9161 -84.7079 
-63.8991 -85.6513 
-63.8818 -86.5908 
-63.8645 -87.5265 
-63.847 -88.4584 
-63.8293 -89.3864 
-63.8115 -90.3106 
-63.7936 -91.2309 
-63.7755 -92.1474 
-63.7572 -93.06 
-63.7389 -93.9688 
-63.7203 -94.8737 
-63.7017 -95.7747 
-63.6829 -96.6719 
-63.664 -97.5652 
-63.6449 -98.4546 
-63.6257 -99.3402 
-63.6064 -100.222 
-63.5869 -101.1 
-63.5673 -101.974 
-63.5475 -102.844 
-63.5277 -103.71 
-63.5077 -104.572 
-63.4875 -105.43 
-63.4673 -106.285 
-63.4469 -107.135 
-63.4264 -107.982 
-63.4058 -108.825 
-63.385 -109.663 
-63.3641 -110.498 
-63.3431 -111.329 
-63.322 -112.156 
-63.3007 -112.979 
-63.2794 -113.799 
-63.2579 -114.614 
-63.2363 -115.425 
-63.2145 -116.233 
-63.1927 -117.036 
-63.1707 -117.836 
-63.1487 -118.632 
-63.1265 -119.424 
-63.1042 -120.212 
-63.0818 -120.995 
-63.0593 -121.775 
-63.0366 -122.552 
-63.0139 -123.324 
-62.9911 -124.092 
-62.9681 -124.856 
-62.945 -125.617 
-62.9219 -126.373 
-62.8986 -127.126 
-62.8752 -127.874 
-62.8518 -128.619 
-62.8282 -129.359 
-62.8045 -130.096 
-62.7807 -130.829 
-62.7568 -131.558 
-62.7329 -132.283 
-62.7088 -133.004 
-62.6846 -133.721 
-62.6604 -134.434 
-62.636 -135.144 
-62.6115 -135.849 
-62.587 -136.551 
-62.5624 -137.248 
-62.5376 -137.942 
-62.5128 -138.631 
-62.4879 -139.317 
-62.4629 -139.999 
-62.4378 -140.677 
-62.4126 -141.351 
-62.3874 -142.021 
-62.362 -142.687 
-62.3366 -143.349 
-62.3111 -144.008 
-62.2855 -144.662 
-62.2598 -145.313 
-62.2341 -145.959 
-62.2082 -146.602 
-62.1823 -147.241 
-62.1563 -147.876 
-62.1302 -148.507 
-62.1041 -149.134 
-62.0779 -149.757 
-62.0516 -150.377 
-62.0252 -150.992 
-61.9988 -151.604 
-61.9722 -152.211 
-61.9456 -152.815 
-61.919 -153.415 
-61.8923 -154.011 
-61.8655 -154.603 
-61.8386 -155.192 
-61.8117 -155.776 
-61.7847 -156.357 
-61.7576 -156.934 
-61.7305 -157.507 
-61.7033 -158.076 
-61.676 -158.641 
-61.6487 -159.202 
-61.6213 -159.76 
-61.5939 -160.314 
-61.5663 -160.864 
-61.5388 -161.41 
-61.5112 -161.952 
-61.4835 -162.49 
-61.4558 -163.025 
-61.428 -163.556 
-61.4001 -164.083 
-61.3722 -164.606 
-61.3443 -165.125 
-61.3163 -165.641 
-61.2882 -166.153 
-61.2601 -166.661 
-61.2319 -167.165 
-61.2037 -167.665 
-61.1755 -168.162 
-61.1472 -168.655 
-61.1188 -169.144 
-61.0904 -169.629 
-61.062 -170.111 
-61.0335 -170.589 
-61.0049 -171.063 
-60.9763 -171.533 
-60.9477 -172 
-60.9191 -172.463 
-60.8904 -172.922 
-60.8616 -173.378 
-60.8328 -173.829 
-60.804 -174.277 
-60.7752 -174.722 
-60.7463 -175.163 
-60.7173 -175.599 
-60.6883 -176.033 
-60.6593 -176.462 
-60.6303 -176.888 
-60.6012 -177.311 
-60.5721 -177.729 
-60.543 -178.144 
-60.5138 -178.555 
-60.4846 -178.963 
-60.4554 -179.367 
-60.4261 -179.767 
-60.3968 -180.164 
-60.3675 -180.557 
-60.3382 -180.947 
-60.3088 -181.333 
-60.2794 -181.715 
-60.25 -182.094 
-60.2206 -182.469 
-60.1911 -182.84 
-60.1616 -183.208 
-60.1321 -183.573 
-60.1026 -183.934 
-60.073 -184.291 
-60.0434 -184.645 
-60.0138 -184.995 
-59.9842 -185.341 
-59.9546 -185.685 
-59.9249 -186.024 
-59.8953 -186.36 
-59.8656 -186.693 
-59.8359 -187.022 
-59.8062 -187.347 
-59.7765 -187.669 
-59.7467 -187.988 
-59.717 -188.303 
-59.6872 -188.615 
-59.6575 -188.923 
-59.6277 -189.228 
-59.5979 -189.529 
-59.5681 -189.827 
-59.5383 -190.121 
-59.5085 -190.412 
-59.4786 -190.7 
-59.4488 -190.984 
-59.419 -191.265 
-59.3891 -191.542 
-59.3593 -191.816 
-59.3294 -192.087 
-59.2996 -192.354 
-59.2697 -192.618 
-59.2399 -192.879 
-59.21 -193.136 
-59.1801 -193.39 
-59.1503 -193.64 
-59.1204 -193.887 
-59.0906 -194.131 
-59.0607 -194.372 
-59.0308 -194.609 
-59.001 -194.843 
-58.9711 -195.074 
-58.9413 -195.301 
-58.9115 -195.526 
-58.8816 -195.747 
-58.8518 -195.964 
-58.822 -196.179 
-58.7921 -196.39 
-58.7623 -196.598 
-58.7325 -196.803 
-58.7027 -197.004 
-58.673 -197.203 
-58.6432 -197.398 
-58.6134 -197.59 
-58.5837 -197.779 
-58.5539 -197.964 
-58.5242 -198.147 
-58.4945 -198.326 
-58.4648 -198.502 
-58.4351 -198.676 
-58.4054 -198.846 
-58.3758 -199.012 
-58.3461 -199.176 
-58.3165 -199.337 
-58.2869 -199.495 
-58.2573 -199.649 
-58.2277 -199.801 
-58.1982 -199.949 
-58.1687 -200.094 
-58.1391 -200.237 
-58.1096 -200.376 
-58.0802 -200.512 
-58.0507 -200.646 
-58.0213 -200.776 
-57.9919 -200.903 
-57.9625 -201.027 
-57.9331 -201.149 
-57.9038 -201.267 
-57.8745 -201.382 
-57.8452 -201.495 
-57.8159 -201.604 
-57.7866 -201.711 
-57.7574 -201.815 
-57.7282 -201.915 
-57.6991 -202.013 
-57.6699 -202.108 
-57.6408 -202.2 
-57.6118 -202.289 
-57.5827 -202.376 
-57.5537 -202.459 
-57.5247 -202.54 
-57.4957 -202.618 
-57.4668 -202.693 
-57.4379 -202.765 
-57.409 -202.834 
-57.3802 -202.901 
-57.3514 -202.965 
-57.3226 -203.026 
-57.2939 -203.084 
-57.2652 -203.14 
-57.2365 -203.192 
-57.2079 -203.242 
-57.1793 -203.29 
-57.1508 -203.334 
-57.1222 -203.376 
-57.0938 -203.415 
-57.0653 -203.452 
-57.0369 -203.486 
-57.0085 -203.517 
-56.9802 -203.545 
-56.9519 -203.571 
-56.9236 -203.594 
-56.8954 -203.615 
-56.8673 -203.633 
-56.8391 -203.648 
-56.811 -203.661 
-56.783 -203.671 
-56.755 -203.679 
-56.727 -203.684 
-56.6991 -203.686 
-56.6712 -203.686 
-56.6433 -203.684 
-56.6155 -203.678 
-56.5878 -203.671 
-56.5601 -203.661 
-56.5324 -203.648 
-56.5048 -203.633 
-56.4772 -203.615 
-56.4497 -203.595 
-56.4222 -203.572 
-56.3948 -203.547 
-56.3674 -203.52 
-56.3401 -203.49 
-56.3128 -203.458 
-56.2855 -203.423 
-56.2583 -203.386 
-56.2312 -203.347 
-56.2041 -203.305 
-56.1771 -203.261 
-56.1501 -203.214 
-56.1231 -203.165 
-56.0962 -203.114 
-56.0694 -203.06 
-56.0426 -203.004 
-56.0158 -202.946 
-55.9891 -202.886 
-55.9625 -202.823 
-55.9359 -202.758 
-55.9094 -202.691 
-55.8829 -202.621 
-55.8564 -202.549 
-55.8301 -202.475 
-55.8037 -202.399 
-55.7775 -202.32 
-55.7513 -202.24 
-55.7251 -202.157 
-55.699 -202.072 
-55.6729 -201.985 
-55.6469 -201.895 
-55.621 -201.804 
-55.5951 -201.71 
-55.5693 -201.614 
-55.5435 -201.516 
-55.5178 -201.416 
-55.4921 -201.314 
-55.4665 -201.21 
-55.441 -201.104 
-55.4155 -200.995 
-55.39 -200.885 
-55.3647 -200.772 
-55.3394 -200.658 
-55.3141 -200.541 
-55.2889 -200.423 
-55.2638 -200.302 
-55.2387 -200.18 
-55.2136 -200.055 
-55.1887 -199.929 
-55.1638 -199.8 
-55.1389 -199.67 
-55.1141 -199.537 
-55.0894 -199.403 
-55.0647 -199.267 
-55.0401 -199.128 
-55.0156 -198.988 
-54.9911 -198.846 
-54.9667 -198.702 
-54.9423 -198.557 
-54.918 -198.409 
-54.8937 -198.26 
-54.8696 -198.108 
-54.8454 -197.955 
-54.8214 -197.8 
-54.7974 -197.643 
-54.7734 -197.485 
-54.7496 -197.324 
-54.7257 -197.162 
-54.702 -196.998 
-54.6783 -196.832 
-54.6547 -196.665 
-54.6311 -196.496 
-54.6076 -196.325 
-54.5841 -196.152 
-54.5607 -195.978 
-54.5374 -195.801 
-54.5142 -195.624 
-54.491 -195.444 
-54.4678 -195.263 
-54.4447 -195.08 
-54.4217 -194.895 
-54.3988 -194.709 
-54.3759 -194.521 
-54.3531 -194.332 
-54.3303 -194.141 
-54.3076 -193.948 
-54.2849 -193.754 
-54.2624 -193.558 
-54.2398 -193.361 
-54.2174 -193.162 
-54.195 -192.961 
-54.1727 -192.759 
-54.1504 -192.555 
-54.1282 -192.35 
-54.106 -192.143 
-54.0839 -191.935 
-54.0619 -191.725 
-54.0399 -191.514 
-54.018 -191.301 
-53.9962 -191.087 
-53.9744 -190.871 
-53.9527 -190.654 
-53.931 -190.435 
-53.9094 -190.215 
-53.8879 -189.993 
-53.8664 -189.77 
-53.845 -189.546 
-53.8236 -189.32 
-53.8023 -189.093 
-53.7811 -188.864 
-53.7599 -188.635 
-53.7387 -188.403 
-53.7177 -188.17 
-53.6967 -187.936 
-53.6757 -187.701 
-53.6548 -187.464 
-53.634 -187.226 
-53.6132 -186.987 
-53.5925 -186.746 
-53.5718 -186.504 
-53.5512 -186.261 
-53.5306 -186.016 
-53.5101 -185.77 
-53.4897 -185.523 
-53.4693 -185.274 
-53.449 -185.025 
-53.4287 -184.774 
-53.4085 -184.522 
-53.3883 -184.268 
-53.3682 -184.014 
-53.3481 -183.758 
-53.3281 -183.501 
-53.3081 -183.242 
-53.2882 -182.983 
-53.2683 -182.722 
-53.2485 -182.46 
-53.2288 -182.197 
-53.2091 -181.933 
-53.1894 -181.668 
-53.1698 -181.401 
-53.1502 -181.134 
-53.1307 -180.865 
-53.1112 -180.595 
-53.0918 -180.324 
-53.0724 -180.052 
-53.0531 -179.779 
-53.0338 -179.504 
-53.0145 -179.229 
-52.9953 -178.952 
-52.9762 -178.675 
-52.957 -178.396 
-52.938 -178.116 
-52.9189 -177.835 
-52.8999 -177.554 
-52.881 -177.271 
-52.862 -176.987 
-52.8431 -176.702 
-52.8243 -176.416 
-52.8055 -176.129 
-52.7867 -175.841 
-52.768 -175.551 
-52.7492 -175.261 
-52.7306 -174.97 
-52.7119 -174.678 
-52.6933 -174.385 
-52.6747 -174.091 
-52.6561 -173.796 
-52.6376 -173.5 
-52.6191 -173.203 
-52.6006 -172.905 
-52.5822 -172.606 
-52.5637 -172.306 
-52.5453 -172.005 
-52.5269 -171.703 
-52.5086 -171.4 
-52.4902 -171.097 
-52.4719 -170.792 
-52.4535 -170.486 
-52.4352 -170.18 
-52.4169 -169.872 
-52.3987 -169.564 
-52.3804 -169.255 
-52.3621 -168.944 
-52.3439 -168.633 
-52.3256 -168.321 
-52.3074 -168.008 
-52.2891 -167.694 
-52.2709 -167.38 
-52.2527 -167.064 
-52.2344 -166.747 
-52.2162 -166.43 
-52.1979 -166.112 
-52.1797 -165.792 
-52.1614 -165.472 
-52.1431 -165.151 
-52.1248 -164.829 
-52.1065 -164.506 
-52.0882 -164.183 
-52.0698 -163.858 
-52.0514 -163.532 
-52.033 -163.206 
-52.0146 -162.879 
-51.9962 -162.551 
-51.9777 -162.222 
-51.9591 -161.892 
-51.9406 -161.561 
-51.922 -161.229 
-51.9033 -160.896 
-51.8846 -160.563 
-51.8659 -160.229 
-51.8471 -159.893 
-51.8282 -159.557 
-51.8093 -159.22 
-51.7903 -158.882 
-51.7713 -158.543 
-51.7522 -158.203 
-51.733 -157.862 
-51.7137 -157.521 
-51.6943 -157.178 
-51.6749 -156.834 
-51.6553 -156.49 
-51.6357 -156.144 
-51.6159 -155.798 
-51.596 -155.451 
-51.5761 -155.102 
-51.556 -154.753 
-51.5357 -154.402 
-51.5154 -154.051 
-51.4949 -153.699 
-51.4742 -153.345 
-51.4534 -152.991 
-51.4324 -152.636 
-51.4113 -152.279 
-51.3899 -151.922 
-51.3684 -151.563 
-51.3467 -151.203 
-51.3248 -150.842 
-51.3026 -150.481 
-51.2803 -150.117 
-51.2576 -149.753 
-51.2348 -149.388 
-51.2116 -149.021 
-51.1882 -148.653 
-51.1645 -148.284 
-51.1404 -147.914 
-51.1161 -147.542 
-51.0914 -147.169 
-51.0663 -146.795 
-51.0408 -146.419 
-51.0149 -146.042 
-50.9886 -145.663 
-50.9618 -145.283 
-50.9346 -144.902 
-50.9068 -144.518 
-50.8785 -144.134 
-50.8496 -143.747 
-50.82 -143.359 
-50.7898 -142.969 
-50.7589 -142.577 
-50.7273 -142.184 
-50.6948 -141.788 
-50.6615 -141.391 
-50.6272 -140.991 
-50.5919 -140.59 
-50.5555 -140.186 
-50.518 -139.779 
-50.4792 -139.371 
-50.439 -138.959 
-50.3973 -138.545 
-50.3539 -138.129 
-50.3087 -137.709 
-50.2615 -137.286 
-50.2121 -136.86 
-50.1601 -136.431 
-50.1054 -135.997 
-50.0476 -135.56 
-49.9862 -135.119 
-49.9207 -134.673 
-49.8505 -134.222 
-49.7748 -133.766 
-49.6927 -133.304 
-49.6028 -132.836 
-49.5036 -132.36 
-49.3928 -131.877 
-49.2672 -131.385 
-49.1223 -130.883 
-48.9514 -130.368 
-48.7433 -129.84 
-48.4785 -129.293 
-48.1179 -128.724 
-47.5679 -128.124 
-46.5187 -127.475 
-42.9139 -126.731 
-60.4023 313.262 
-60.465 311.68 
-60.5273 310.096 
-60.5893 308.51 
-60.6508 306.923 
-60.712 305.333 
-60.7728 303.742 
-60.8331 302.149 
-60.8931 300.555 
-60.9527 298.959 
-61.0119 297.361 
-61.0707 295.762 
-61.1291 294.161 
-61.1871 292.559 
-61.2448 290.955 
-61.302 289.35 
-61.3588 287.744 
-61.4153 286.136 
-61.4714 284.527 
-61.5271 282.917 
-61.5824 281.306 
-61.6373 279.693 
-61.6918 278.08 
-61.7459 276.465 
-61.7997 274.85 
-61.853 273.233 
-61.906 271.615 
-61.9586 269.997 
-62.0108 268.377 
-62.0626 266.757 
-62.114 265.136 
-62.1651 263.514 
-62.2157 261.891 
-62.266 260.268 
-62.3159 258.644 
-62.3654 257.019 
-62.4146 255.394 
-62.4633 253.768 
-62.5117 252.142 
-62.5597 250.515 
-62.6073 248.888 
-62.6546 247.26 
-62.7014 245.632 
-62.7479 244.003 
-62.794 242.375 
-62.8397 240.746 
-62.8851 239.116 
-62.9301 237.487 
-62.9747 235.857 
-63.0189 234.228 
-63.0628 232.598 
-63.1062 230.968 
-63.1493 229.338 
-63.1921 227.708 
-63.2344 226.078 
-63.2764 224.448 
-63.3181 222.819 
-63.3593 221.189 
-63.4002 219.56 
-63.4407 217.93 
-63.4809 216.302 
-63.5206 214.673 
-63.56 213.044 
-63.5991 211.416 
-63.6378 209.789 
-63.6761 208.161 
-63.714 206.534 
-63.7516 204.908 
-63.7888 203.282 
-63.8257 201.657 
-63.8622 200.032 
-63.8984 198.408 
-63.9341 196.784 
-63.9696 195.161 
-64.0046 193.539 
-64.0393 191.917 
-64.0737 190.297 
-64.1077 188.677 
-64.1413 187.057 
-64.1746 185.439 
-64.2075 183.821 
-64.2401 182.205 
-64.2723 180.589 
-64.3042 178.974 
-64.3357 177.361 
-64.3668 175.748 
-64.3976 174.136 
-64.4281 172.526 
-64.4582 170.916 
-64.488 169.308 
-64.5174 167.701 
-64.5465 166.095 
-64.5752 164.49 
-64.6036 162.886 
-64.6316 161.284 
-64.6593 159.683 
-64.6867 158.084 
-64.7137 156.485 
-64.7404 154.888 
-64.7667 153.293 
-64.7927 151.699 
-64.8183 150.107 
-64.8437 148.516 
-64.8686 146.926 
-64.8933 145.338 
-64.9176 143.752 
-64.9416 142.167 
-64.9652 140.584 
-64.9885 139.003 
-65.0115 137.423 
-65.0341 135.845 
-65.0564 134.268 
-65.0784 132.694 
-65.1001 131.121 
-65.1214 129.55 
-65.1424 127.981 
-65.1631 126.414 
-65.1834 124.849 
-65.2035 123.285 
-65.2232 121.724 
-65.2425 120.164 
-65.2616 118.607 
-65.2803 117.051 
-65.2988 115.498 
-65.3169 113.946 
-65.3346 112.397 
-65.3521 110.85 
-65.3692 109.305 
-65.3861 107.762 
-65.4026 106.221 
-65.4188 104.683 
-65.4347 103.147 
-65.4503 101.613 
-65.4655 100.081 
-65.4805 98.5515 
-65.4952 97.0244 
-65.5095 95.4996 
-65.5235 93.9772 
-65.5373 92.4572 
-65.5507 90.9396 
-65.5638 89.4244 
-65.5766 87.9117 
-65.5891 86.4015 
-65.6013 84.8938 
-65.6133 83.3886 
-65.6249 81.8859 
-65.6362 80.3858 
-65.6472 78.8883 
-65.6579 77.3933 
-65.6683 75.901 
-65.6785 74.4114 
-65.6883 72.9244 
-65.6978 71.4401 
-65.7071 69.9585 
-65.716 68.4796 
-65.7247 67.0035 
-65.7331 65.5302 
-65.7412 64.0596 
-65.749 62.5919 
-65.7565 61.1269 
-65.7637 59.6648 
-65.7707 58.2056 
-65.7774 56.7492 
-65.7837 55.2958 
-65.7898 53.8453 
-65.7957 52.3977 
-65.8012 50.9531 
-65.8065 49.5114 
-65.8115 48.0727 
-65.8162 46.6371 
-65.8206 45.2045 
-65.8248 43.7749 
-65.8286 42.3484 
-65.8323 40.9249 
-65.8356 39.5046 
-65.8387 38.0874 
-65.8415 36.6733 
-65.844 35.2624 
-65.8463 33.8546 
-65.8483 32.4501 
-65.85 31.0487 
-65.8515 29.6505 
-65.8527 28.2556 
-65.8537 26.8639 
-65.8543 25.4755 
-65.8548 24.0904 
-65.8549 22.7085 
-65.8548 21.33 
-65.8545 19.9548 
-65.8539 18.583 
-65.853 17.2145 
-65.8519 15.8494 
-65.8506 14.4876 
-65.8489 13.1293 
-65.8471 11.7744 
-65.8449 10.423 
-65.8426 9.07493 
-65.84 7.73037 
-65.8371 6.38929 
-65.834 5.0517 
-65.8306 3.71761 
-65.827 2.38704 
-65.8232 1.06 
-65.8191 -0.263494 
-65.8148 -1.58343 
-65.8102 -2.89979 
-65.8055 -4.21257 
-65.8004 -5.52174 
-65.7952 -6.82731 
-65.7896 -8.12925 
-65.7839 -9.42756 
-65.7779 -10.7222 
-65.7717 -12.0132 
-65.7653 -13.3005 
-65.7586 -14.5842 
-65.7517 -15.8641 
-65.7446 -17.1403 
-65.7372 -18.4128 
-65.7297 -19.6816 
-65.7219 -20.9466 
-65.7138 -22.2079 
-65.7056 -23.4654 
-65.6971 -24.7191 
-65.6884 -25.969 
-65.6795 -27.2152 
-65.6704 -28.4575 
-65.661 -29.696 
-65.6515 -30.9306 
-65.6417 -32.1614 
-65.6317 -33.3884 
-65.6215 -34.6115 
-65.6111 -35.8307 
-65.6005 -37.046 
-65.5896 -38.2575 
-65.5786 -39.465 
-65.5673 -40.6687 
-65.5559 -41.8684 
-65.5442 -43.0641 
-65.5323 -44.256 
-65.5203 -45.4438 
-65.508 -46.6277 
-65.4955 -47.8077 
-65.4828 -48.9837 
-65.47 -50.1556 
-65.4569 -51.3236 
-65.4436 -52.4876 
-65.4301 -53.6476 
-65.4165 -54.8035 
-65.4026 -55.9555 
-65.3886 -57.1034 
-65.3743 -58.2472 
-65.3599 -59.387 
-65.3453 -60.5227 
-65.3304 -61.6544 
-65.3154 -62.782 
-65.3002 -63.9055 
-65.2849 -65.025 
-65.2693 -66.1403 
-65.2536 -67.2515 
-65.2376 -68.3586 
-65.2215 -69.4616 
-65.2053 -70.5605 
-65.1888 -71.6553 
-65.1721 -72.7459 
-65.1553 -73.8324 
-65.1383 -74.9147 
-65.1212 -75.9929 
-65.1038 -77.0669 
-65.0863 -78.1367 
-65.0686 -79.2024 
-65.0507 -80.2639 
-65.0327 -81.3212 
-65.0145 -82.3744 
-64.9961 -83.4233 
-64.9776 -84.468 
-64.9589 -85.5086 
-64.94 -86.5449 
-64.921 -87.577 
-64.9018 -88.6049 
-64.8825 -89.6286 
-64.863 -90.648 
-64.8433 -91.6633 
-64.8235 -92.6742 
-64.8035 -93.681 
-64.7833 -94.6835 
-64.763 -95.6817 
-64.7426 -96.6757 
-64.722 -97.6655 
-64.7012 -98.651 
-64.6803 -99.6322 
-64.6592 -100.609 
-64.638 -101.582 
-64.6167 -102.55 
-64.5952 -103.514 
-64.5735 -104.474 
-64.5517 -105.43 
-64.5298 -106.381 
-64.5077 -107.328 
-64.4855 -108.271 
-64.4631 -109.209 
-64.4406 -110.143 
-64.418 -111.073 
-64.3952 -111.999 
-64.3723 -112.92 
-64.3492 -113.837 
-64.326 -114.749 
-64.3027 -115.658 
-64.2793 -116.562 
-64.2557 -117.461 
-64.232 -118.357 
-64.2081 -119.248 
-64.1842 -120.135 
-64.1601 -121.017 
-64.1358 -121.895 
-64.1115 -122.769 
-64.087 -123.638 
-64.0624 -124.503 
-64.0377 -125.364 
-64.0128 -126.221 
-63.9879 -127.073 
-63.9628 -127.921 
-63.9376 -128.764 
-63.9123 -129.603 
-63.8868 -130.438 
-63.8613 -131.269 
-63.8356 -132.095 
-63.8098 -132.917 
-63.7839 -133.735 
-63.7579 -134.548 
-63.7318 -135.357 
-63.7056 -136.161 
-63.6792 -136.962 
-63.6528 -137.757 
-63.6263 -138.549 
-63.5996 -139.336 
-63.5728 -140.119 
-63.546 -140.898 
-63.519 -141.672 
-63.4919 -142.442 
-63.4648 -143.208 
-63.4375 -143.969 
-63.4101 -144.726 
-63.3827 -145.479 
-63.3551 -146.228 
-63.3275 -146.972 
-63.2997 -147.712 
-63.2719 -148.447 
-63.2439 -149.178 
-63.2159 -149.905 
-63.1878 -150.628 
-63.1595 -151.346 
-63.1312 -152.06 
-63.1028 -152.77 
-63.0744 -153.475 
-63.0458 -154.176 
-63.0171 -154.873 
-62.9884 -155.566 
-62.9596 -156.254 
-62.9307 -156.938 
-62.9017 -157.617 
-62.8726 -158.293 
-62.8435 -158.964 
-62.8143 -159.631 
-62.7849 -160.293 
-62.7556 -160.952 
-62.7261 -161.606 
-62.6966 -162.256 
-62.667 -162.901 
-62.6373 -163.543 
-62.6075 -164.18 
-62.5777 -164.813 
-62.5478 -165.441 
-62.5178 -166.065 
-62.4878 -166.686 
-62.4577 -167.302 
-62.4275 -167.913 
-62.3973 -168.521 
-62.367 -169.124 
-62.3366 -169.723 
-62.3062 -170.318 
-62.2757 -170.908 
-62.2451 -171.495 
-62.2145 -172.077 
-62.1838 -172.655 
-62.1531 -173.229 
-62.1223 -173.799 
-62.0914 -174.364 
-62.0605 -174.925 
-62.0296 -175.483 
-61.9985 -176.036 
-61.9675 -176.585 
-61.9363 -177.129 
-61.9052 -177.67 
-61.8739 -178.206 
-61.8426 -178.738 
-61.8113 -179.267 
-61.7799 -179.791 
-61.7485 -180.311 
-61.717 -180.826 
-61.6855 -181.338 
-61.6539 -181.846 
-61.6223 -182.349 
-61.5906 -182.849 
-61.5589 -183.344 
-61.5272 -183.835 
-61.4954 -184.322 
-61.4636 -184.805 
-61.4317 -185.284 
-61.3998 -185.759 
-61.3679 -186.23 
-61.3359 -186.697 
-61.3039 -187.16 
-61.2718 -187.619 
-61.2397 -188.074 
-61.2076 -188.525 
-61.1754 -188.971 
-61.1432 -189.414 
-61.111 -189.853 
-61.0788 -190.288 
-61.0465 -190.719 
-61.0142 -191.145 
-60.9818 -191.568 
-60.9495 -191.987 
-60.9171 -192.402 
-60.8847 -192.813 
-60.8522 -193.22 
-60.8197 -193.623 
-60.7873 -194.023 
-60.7547 -194.418 
-60.7222 -194.809 
-60.6896 -195.197 
-60.657 -195.58 
-60.6244 -195.96 
-60.5918 -196.336 
-60.5592 -196.708 
-60.5265 -197.076 
-60.4939 -197.44 
-60.4612 -197.8 
-60.4284 -198.157 
-60.3957 -198.509 
-60.363 -198.858 
-60.3302 -199.203 
-60.2975 -199.545 
-60.2647 -199.882 
-60.2319 -200.216 
-60.1991 -200.545 
-60.1663 -200.871 
-60.1335 -201.194 
-60.1007 -201.512 
-60.0678 -201.827 
-60.035 -202.138 
-60.0022 -202.445 
-59.9693 -202.749 
-59.9365 -203.049 
-59.9036 -203.345 
-59.8707 -203.637 
-59.8379 -203.926 
-59.805 -204.211 
-59.7722 -204.492 
-59.7393 -204.77 
-59.7064 -205.044 
-59.6735 -205.314 
-59.6407 -205.581 
-59.6078 -205.844 
-59.575 -206.104 
-59.5421 -206.359 
-59.5093 -206.612 
-59.4764 -206.86 
-59.4436 -207.105 
-59.4107 -207.347 
-59.3779 -207.585 
-59.3451 -207.819 
-59.3123 -208.05 
-59.2795 -208.277 
-59.2467 -208.501 
-59.2139 -208.721 
-59.1811 -208.938 
-59.1483 -209.151 
-59.1156 -209.361 
-59.0828 -209.567 
-59.0501 -209.77 
-59.0174 -209.969 
-58.9847 -210.165 
-58.952 -210.357 
-58.9194 -210.546 
-58.8867 -210.731 
-58.8541 -210.913 
-58.8215 -211.092 
-58.7889 -211.267 
-58.7563 -211.439 
-58.7237 -211.608 
-58.6912 -211.773 
-58.6587 -211.935 
-58.6262 -212.093 
-58.5937 -212.248 
-58.5612 -212.4 
-58.5288 -212.548 
-58.4964 -212.693 
-58.464 -212.835 
-58.4317 -212.974 
-58.3993 -213.109 
-58.367 -213.241 
-58.3347 -213.37 
-58.3025 -213.495 
-58.2702 -213.617 
-58.238 -213.736 
-58.2059 -213.852 
-58.1737 -213.965 
-58.1416 -214.074 
-58.1095 -214.18 
-58.0775 -214.283 
-58.0455 -214.383 
-58.0135 -214.48 
-57.9815 -214.573 
-57.9496 -214.664 
-57.9177 -214.751 
-57.8859 -214.835 
-57.854 -214.916 
-57.8223 -214.994 
-57.7905 -215.069 
-57.7588 -215.141 
-57.7271 -215.21 
-57.6955 -215.276 
-57.6639 -215.338 
-57.6323 -215.398 
-57.6008 -215.455 
-57.5693 -215.508 
-57.5378 -215.559 
-57.5064 -215.607 
-57.475 -215.651 
-57.4437 -215.693 
-57.4124 -215.732 
-57.3812 -215.768 
-57.35 -215.801 
-57.3188 -215.83 
-57.2877 -215.858 
-57.2566 -215.882 
-57.2256 -215.903 
-57.1946 -215.921 
-57.1637 -215.937 
-57.1328 -215.95 
-57.1019 -215.96 
-57.0711 -215.967 
-57.0404 -215.971 
-57.0097 -215.972 
-56.979 -215.971 
-56.9484 -215.967 
-56.9179 -215.96 
-56.8873 -215.95 
-56.8569 -215.937 
-56.8265 -215.922 
-56.7961 -215.904 
-56.7658 -215.884 
-56.7355 -215.86 
-56.7053 -215.834 
-56.6752 -215.805 
-56.645 -215.774 
-56.615 -215.74 
-56.585 -215.703 
-56.555 -215.664 
-56.5251 -215.622 
-56.4953 -215.577 
-56.4655 -215.53 
-56.4358 -215.48 
-56.4061 -215.427 
-56.3765 -215.372 
-56.3469 -215.315 
-56.3174 -215.255 
-56.288 -215.192 
-56.2586 -215.127 
-56.2292 -215.059 
-56.2 -214.989 
-56.1707 -214.916 
-56.1416 -214.841 
-56.1125 -214.763 
-56.0834 -214.683 
-56.0544 -214.6 
-56.0255 -214.515 
-55.9966 -214.428 
-55.9678 -214.338 
-55.9391 -214.246 
-55.9104 -214.151 
-55.8818 -214.054 
-55.8532 -213.955 
-55.8247 -213.853 
-55.7963 -213.749 
-55.7679 -213.642 
-55.7396 -213.533 
-55.7113 -213.422 
-55.6832 -213.309 
-55.655 -213.193 
-55.627 -213.075 
-55.599 -212.955 
-55.571 -212.832 
-55.5432 -212.707 
-55.5154 -212.58 
-55.4876 -212.451 
-55.4599 -212.32 
-55.4323 -212.186 
-55.4048 -212.05 
-55.3773 -211.912 
-55.3499 -211.772 
-55.3225 -211.63 
-55.2953 -211.485 
-55.2681 -211.339 
-55.2409 -211.19 
-55.2138 -211.039 
-55.1868 -210.886 
-55.1599 -210.731 
-55.133 -210.574 
-55.1062 -210.415 
-55.0794 -210.253 
-55.0527 -210.09 
-55.0261 -209.925 
-54.9996 -209.757 
-54.9731 -209.588 
-54.9467 -209.416 
-54.9204 -209.243 
-54.8941 -209.068 
-54.8679 -208.89 
-54.8418 -208.711 
-54.8157 -208.53 
-54.7897 -208.347 
-54.7638 -208.162 
-54.7379 -207.975 
-54.7121 -207.786 
-54.6864 -207.595 
-54.6608 -207.402 
-54.6352 -207.208 
-54.6097 -207.011 
-54.5842 -206.813 
-54.5588 -206.613 
-54.5335 -206.411 
-54.5083 -206.207 
-54.4831 -206.002 
-54.458 -205.794 
-54.433 -205.585 
-54.408 -205.374 
-54.3831 -205.162 
-54.3583 -204.947 
-54.3336 -204.731 
-54.3089 -204.513 
-54.2843 -204.294 
-54.2597 -204.072 
-54.2353 -203.849 
-54.2108 -203.625 
-54.1865 -203.398 
-54.1622 -203.17 
-54.138 -202.94 
-54.1139 -202.709 
-54.0898 -202.476 
-54.0658 -202.241 
-54.0419 -202.005 
-54.018 -201.767 
-53.9942 -201.528 
-53.9705 -201.287 
-53.9468 -201.044 
-53.9232 -200.8 
-53.8997 -200.554 
-53.8762 -200.307 
-53.8528 -200.058 
-53.8295 -199.807 
-53.8063 -199.555 
-53.7831 -199.302 
-53.7599 -199.047 
-53.7368 -198.791 
-53.7138 -198.533 
-53.6909 -198.273 
-53.668 -198.013 
-53.6452 -197.75 
-53.6225 -197.487 
-53.5998 -197.221 
-53.5771 -196.955 
-53.5546 -196.687 
-53.5321 -196.417 
-53.5096 -196.147 
-53.4873 -195.874 
-53.4649 -195.601 
-53.4427 -195.326 
-53.4205 -195.049 
-53.3983 -194.772 
-53.3762 -194.493 
-53.3542 -194.212 
-53.3323 -193.931 
-53.3103 -193.648 
-53.2885 -193.363 
-53.2667 -193.078 
-53.2449 -192.791 
-53.2233 -192.502 
-53.2016 -192.213 
-53.18 -191.922 
-53.1585 -191.63 
-53.137 -191.337 
-53.1156 -191.042 
-53.0942 -190.747 
-53.0729 -190.45 
-53.0516 -190.151 
-53.0304 -189.852 
-53.0092 -189.551 
-52.9881 -189.249 
-52.967 -188.946 
-52.946 -188.642 
-52.925 -188.337 
-52.904 -188.03 
-52.8831 -187.722 
-52.8622 -187.413 
-52.8414 -187.103 
-52.8206 -186.792 
-52.7998 -186.479 
-52.7791 -186.166 
-52.7584 -185.851 
-52.7378 -185.535 
-52.7172 -185.219 
-52.6966 -184.901 
-52.6761 -184.581 
-52.6555 -184.261 
-52.6351 -183.94 
-52.6146 -183.617 
-52.5942 -183.294 
-52.5738 -182.969 
-52.5534 -182.644 
-52.533 -182.317 
-52.5127 -181.989 
-52.4924 -181.66 
-52.472 -181.33 
-52.4518 -180.999 
-52.4315 -180.667 
-52.4112 -180.334 
-52.391 -180 
-52.3707 -179.665 
-52.3505 -179.329 
-52.3303 -178.992 
-52.3101 -178.654 
-52.2899 -178.314 
-52.2696 -177.974 
-52.2494 -177.633 
-52.2292 -177.29 
-52.209 -176.947 
-52.1887 -176.603 
-52.1685 -176.257 
-52.1482 -175.911 
-52.1279 -175.564 
-52.1076 -175.215 
-52.0873 -174.866 
-52.0669 -174.515 
-52.0466 -174.164 
-52.0262 -173.811 
-52.0057 -173.458 
-51.9852 -173.104 
-51.9647 -172.748 
-51.9442 -172.392 
-51.9236 -172.034 
-51.9029 -171.676 
-51.8822 -171.316 
-51.8614 -170.956 
-51.8406 -170.594 
-51.8197 -170.232 
-51.7987 -169.868 
-51.7777 -169.503 
-51.7566 -169.138 
-51.7354 -168.771 
-51.7141 -168.403 
-51.6927 -168.034 
-51.6712 -167.664 
-51.6496 -167.293 
-51.6279 -166.921 
-51.606 -166.548 
-51.5841 -166.174 
-51.562 -165.799 
-51.5398 -165.423 
-51.5174 -165.045 
-51.4948 -164.666 
-51.4721 -164.287 
-51.4493 -163.906 
-51.4262 -163.524 
-51.403 -163.14 
-51.3795 -162.756 
-51.3558 -162.37 
-51.332 -161.983 
-51.3078 -161.595 
-51.2834 -161.206 
-51.2588 -160.815 
-51.2339 -160.423 
-51.2087 -160.03 
-51.1831 -159.635 
-51.1573 -159.239 
-51.1311 -158.842 
-51.1045 -158.443 
-51.0776 -158.043 
-51.0502 -157.641 
-51.0224 -157.237 
-50.9942 -156.833 
-50.9654 -156.426 
-50.9362 -156.018 
-50.9063 -155.608 
-50.8759 -155.197 
-50.8449 -154.783 
-50.8132 -154.368 
-50.7808 -153.951 
-50.7476 -153.532 
-50.7135 -153.111 
-50.6786 -152.688 
-50.6428 -152.263 
-50.6059 -151.836 
-50.5679 -151.406 
-50.5287 -150.974 
-50.4882 -150.539 
-50.4463 -150.102 
-50.4028 -149.661 
-50.3576 -149.218 
-50.3105 -148.772 
-50.2613 -148.323 
-50.2098 -147.87 
-50.1556 -147.414 
-50.0986 -146.954 
-50.0383 -146.49 
-49.9743 -146.021 
-49.9059 -145.548 
-49.8325 -145.07 
-49.7534 -144.586 
-49.6672 -144.096 
-49.5728 -143.599 
-49.4682 -143.095 
-49.3508 -142.583 
-49.2171 -142.061 
-49.0617 -141.529 
-48.8764 -140.983 
-48.6474 -140.422 
-48.3493 -139.841 
-47.9279 -139.235 
-47.2385 -138.592 
-45.6912 -137.888 
-36.1431 -137.044 
-60.4111 302.521 
-60.4718 300.964 
-60.5321 299.405 
-60.5921 297.845 
-60.6516 296.283 
-60.7108 294.719 
-60.7696 293.153 
-60.828 291.586 
-60.886 290.018 
-60.9436 288.448 
-61.0009 286.876 
-61.0578 285.303 
-61.1142 283.729 
-61.1703 282.153 
-61.2261 280.576 
-61.2814 278.998 
-61.3363 277.418 
-61.3909 275.837 
-61.4451 274.256 
-61.4989 272.673 
-61.5523 271.089 
-61.6054 269.503 
-61.6581 267.917 
-61.7103 266.33 
-61.7622 264.742 
-61.8138 263.153 
-61.8649 261.563 
-61.9157 259.973 
-61.9661 258.381 
-62.0161 256.789 
-62.0658 255.196 
-62.1151 253.603 
-62.1639 252.008 
-62.2125 250.413 
-62.2606 248.818 
-62.3084 247.222 
-62.3558 245.626 
-62.4028 244.029 
-62.4495 242.431 
-62.4958 240.834 
-62.5417 239.235 
-62.5872 237.637 
-62.6324 236.038 
-62.6772 234.439 
-62.7216 232.84 
-62.7657 231.241 
-62.8094 229.641 
-62.8527 228.041 
-62.8957 226.441 
-62.9383 224.842 
-62.9805 223.242 
-63.0224 221.642 
-63.0639 220.042 
-63.105 218.442 
-63.1458 216.843 
-63.1862 215.243 
-63.2262 213.644 
-63.2659 212.045 
-63.3052 210.446 
-63.3442 208.847 
-63.3828 207.249 
-63.421 205.651 
-63.4589 204.053 
-63.4965 202.456 
-63.5336 200.859 
-63.5704 199.263 
-63.6069 197.667 
-63.643 196.072 
-63.6788 194.477 
-63.7141 192.883 
-63.7492 191.289 
-63.7839 189.696 
-63.8182 188.104 
-63.8522 186.513 
-63.8858 184.922 
-63.9191 183.332 
-63.9521 181.743 
-63.9846 180.154 
-64.0169 178.567 
-64.0488 176.98 
-64.0803 175.395 
-64.1115 173.81 
-64.1424 172.226 
-64.1729 170.643 
-64.203 169.062 
-64.2329 167.481 
-64.2624 165.901 
-64.2915 164.323 
-64.3203 162.746 
-64.3488 161.17 
-64.3769 159.595 
-64.4047 158.021 
-64.4321 156.449 
-64.4592 154.877 
-64.486 153.308 
-64.5124 151.739 
-64.5385 150.172 
-64.5643 148.606 
-64.5897 147.042 
-64.6148 145.479 
-64.6396 143.918 
-64.6641 142.358 
-64.6882 140.8 
-64.712 139.243 
-64.7354 137.688 
-64.7585 136.134 
-64.7813 134.582 
-64.8038 133.032 
-64.826 131.484 
-64.8478 129.937 
-64.8693 128.392 
-64.8905 126.848 
-64.9114 125.307 
-64.9319 123.767 
-64.9521 122.229 
-64.972 120.693 
-64.9916 119.159 
-65.0109 117.627 
-65.0298 116.096 
-65.0485 114.568 
-65.0668 113.042 
-65.0848 111.517 
-65.1025 109.995 
-65.1199 108.475 
-65.1369 106.956 
-65.1537 105.44 
-65.1702 103.926 
-65.1863 102.415 
-65.2021 100.905 
-65.2177 99.3976 
-65.2329 97.8924 
-65.2478 96.3894 
-65.2624 94.8886 
-65.2767 93.3902 
-65.2907 91.8941 
-65.3045 90.4003 
-65.3179 88.9088 
-65.331 87.4198 
-65.3438 85.9331 
-65.3563 84.4488 
-65.3685 82.967 
-65.3804 81.4876 
-65.3921 80.0107 
-65.4034 78.5363 
-65.4144 77.0644 
-65.4252 75.5951 
-65.4356 74.1283 
-65.4458 72.6641 
-65.4557 71.2025 
-65.4653 69.7435 
-65.4746 68.2872 
-65.4836 66.8335 
-65.4923 65.3825 
-65.5007 63.9342 
-65.5089 62.4886 
-65.5168 61.0458 
-65.5244 59.6057 
-65.5317 58.1684 
-65.5387 56.7339 
-65.5455 55.3022 
-65.552 53.8734 
-65.5582 52.4474 
-65.5641 51.0242 
-65.5697 49.604 
-65.5751 48.1866 
-65.5802 46.7722 
-65.5851 45.3608 
-65.5896 43.9522 
-65.5939 42.5467 
-65.5979 41.1442 
-65.6017 39.7446 
-65.6052 38.3481 
-65.6084 36.9547 
-65.6114 35.5643 
-65.614 34.177 
-65.6165 32.7928 
-65.6186 31.4116 
-65.6205 30.0337 
-65.6222 28.6588 
-65.6236 27.2872 
-65.6247 25.9187 
-65.6256 24.5534 
-65.6262 23.1913 
-65.6266 21.8324 
-65.6267 20.4768 
-65.6265 19.1244 
-65.6261 17.7753 
-65.6255 16.4295 
-65.6246 15.087 
-65.6234 13.7478 
-65.622 12.412 
-65.6204 11.0794 
-65.6185 9.75027 
-65.6164 8.42448 
-65.614 7.10207 
-65.6114 5.78307 
-65.6085 4.46749 
-65.6054 3.15533 
-65.602 1.84662 
-65.5985 0.541359 
-65.5946 -0.760428 
-65.5906 -2.05873 
-65.5863 -3.35354 
-65.5818 -4.64484 
-65.577 -5.93262 
-65.572 -7.21686 
-65.5668 -8.49755 
-65.5613 -9.77468 
-65.5556 -11.0482 
-65.5497 -12.3182 
-65.5436 -13.5846 
-65.5372 -14.8474 
-65.5306 -16.1065 
-65.5238 -17.362 
-65.5167 -18.6139 
-65.5095 -19.8621 
-65.502 -21.1067 
-65.4943 -22.3475 
-65.4864 -23.5847 
-65.4782 -24.8182 
-65.4698 -26.048 
-65.4613 -27.274 
-65.4525 -28.4963 
-65.4435 -29.7149 
-65.4342 -30.9297 
-65.4248 -32.1407 
-65.4152 -33.348 
-65.4053 -34.5515 
-65.3952 -35.7512 
-65.385 -36.947 
-65.3745 -38.1391 
-65.3638 -39.3274 
-65.3529 -40.5118 
-65.3418 -41.6923 
-65.3305 -42.869 
-65.319 -44.0419 
-65.3073 -45.2109 
-65.2954 -46.376 
-65.2833 -47.5372 
-65.2711 -48.6945 
-65.2586 -49.8479 
-65.2459 -50.9974 
-65.233 -52.1429 
-65.2199 -53.2846 
-65.2067 -54.4223 
-65.1932 -55.556 
-65.1796 -56.6858 
-65.1657 -57.8117 
-65.1517 -58.9335 
-65.1375 -60.0514 
-65.1231 -61.1653 
-65.1085 -62.2752 
-65.0937 -63.3811 
-65.0788 -64.483 
-65.0637 -65.5809 
-65.0483 -66.6747 
-65.0329 -67.7646 
-65.0172 -68.8504 
-65.0013 -69.9321 
-64.9853 -71.0098 
-64.9691 -72.0835 
-64.9527 -73.1531 
-64.9362 -74.2186 
-64.9195 -75.28 
-64.9026 -76.3374 
-64.8855 -77.3907 
-64.8683 -78.4399 
-64.8509 -79.485 
-64.8333 -80.526 
-64.8156 -81.5629 
-64.7977 -82.5957 
-64.7796 -83.6244 
-64.7614 -84.6489 
-64.743 -85.6693 
-64.7244 -86.6856 
-64.7057 -87.6978 
-64.6868 -88.7058 
-64.6678 -89.7096 
-64.6486 -90.7094 
-64.6293 -91.7049 
-64.6098 -92.6963 
-64.5901 -93.6835 
-64.5703 -94.6666 
-64.5503 -95.6455 
-64.5302 -96.6203 
-64.51 -97.5908 
-64.4896 -98.5572 
-64.469 -99.5194 
-64.4483 -100.477 
-64.4275 -101.431 
-64.4065 -102.381 
-64.3853 -103.326 
-64.364 -104.267 
-64.3426 -105.204 
-64.321 -106.137 
-64.2993 -107.066 
-64.2775 -107.99 
-64.2555 -108.91 
-64.2334 -109.826 
-64.2111 -110.738 
-64.1888 -111.645 
-64.1662 -112.549 
-64.1436 -113.448 
-64.1208 -114.343 
-64.0979 -115.233 
-64.0748 -116.12 
-64.0516 -117.002 
-64.0283 -117.88 
-64.0049 -118.753 
-63.9813 -119.623 
-63.9576 -120.488 
-63.9338 -121.349 
-63.9099 -122.206 
-63.8859 -123.058 
-63.8617 -123.906 
-63.8374 -124.75 
-63.813 -125.59 
-63.7884 -126.426 
-63.7638 -127.257 
-63.739 -128.084 
-63.7141 -128.907 
-63.6892 -129.725 
-63.664 -130.539 
-63.6388 -131.349 
-63.6135 -132.155 
-63.5881 -132.957 
-63.5625 -133.754 
-63.5368 -134.547 
-63.5111 -135.336 
-63.4852 -136.12 
-63.4592 -136.901 
-63.4331 -137.677 
-63.407 -138.448 
-63.3807 -139.216 
-63.3543 -139.979 
-63.3278 -140.738 
-63.3012 -141.493 
-63.2745 -142.244 
-63.2477 -142.99 
-63.2208 -143.732 
-63.1938 -144.47 
-63.1668 -145.204 
-63.1396 -145.933 
-63.1123 -146.659 
-63.085 -147.38 
-63.0575 -148.096 
-63.03 -148.809 
-63.0024 -149.517 
-62.9747 -150.221 
-62.9469 -150.921 
-62.919 -151.617 
-62.891 -152.308 
-62.8629 -152.995 
-62.8348 -153.679 
-62.8066 -154.357 
-62.7783 -155.032 
-62.7499 -155.702 
-62.7214 -156.369 
-62.6928 -157.031 
-62.6642 -157.688 
-62.6355 -158.342 
-62.6067 -158.991 
-62.5779 -159.637 
-62.5489 -160.278 
-62.5199 -160.915 
-62.4909 -161.547 
-62.4617 -162.176 
-62.4325 -162.8 
-62.4032 -163.421 
-62.3738 -164.037 
-62.3444 -164.649 
-62.3149 -165.256 
-62.2853 -165.86 
-62.2557 -166.459 
-62.226 -167.055 
-62.1963 -167.646 
-62.1664 -168.233 
-62.1365 -168.816 
-62.1066 -169.395 
-62.0766 -169.969 
-62.0465 -170.54 
-62.0164 -171.106 
-61.9862 -171.669 
-61.956 -172.227 
-61.9257 -172.781 
-61.8953 -173.331 
-61.8649 -173.877 
-61.8344 -174.419 
-61.8039 -174.957 
-61.7734 -175.491 
-61.7427 -176.02 
-61.7121 -176.546 
-61.6814 -177.067 
-61.6506 -177.585 
-61.6198 -178.098 
-61.5889 -178.608 
-61.558 -179.113 
-61.527 -179.615 
-61.496 -180.112 
-61.465 -180.605 
-61.4339 -181.094 
-61.4028 -181.58 
-61.3716 -182.061 
-61.3404 -182.538 
-61.3092 -183.012 
-61.2779 -183.481 
-61.2465 -183.946 
-61.2152 -184.408 
-61.1838 -184.865 
-61.1523 -185.318 
-61.1209 -185.768 
-61.0894 -186.213 
-61.0578 -186.655 
-61.0263 -187.093 
-60.9947 -187.526 
-60.963 -187.956 
-60.9314 -188.382 
-60.8997 -188.804 
-60.8679 -189.222 
-60.8362 -189.636 
-60.8044 -190.047 
-60.7726 -190.453 
-60.7408 -190.856 
-60.7089 -191.254 
-60.6771 -191.649 
-60.6452 -192.04 
-60.6132 -192.427 
-60.5813 -192.811 
-60.5493 -193.19 
-60.5173 -193.566 
-60.4853 -193.938 
-60.4533 -194.306 
-60.4213 -194.67 
-60.3892 -195.03 
-60.3571 -195.387 
-60.325 -195.74 
-60.2929 -196.089 
-60.2608 -196.434 
-60.2287 -196.776 
-60.1965 -197.113 
-60.1644 -197.447 
-60.1322 -197.778 
-60.1 -198.104 
-60.0678 -198.427 
-60.0356 -198.747 
-60.0034 -199.062 
-59.9712 -199.374 
-59.9389 -199.682 
-59.9067 -199.986 
-59.8745 -200.287 
-59.8422 -200.584 
-59.81 -200.878 
-59.7777 -201.168 
-59.7455 -201.454 
-59.7132 -201.736 
-59.681 -202.015 
-59.6487 -202.291 
-59.6164 -202.562 
-59.5842 -202.831 
-59.5519 -203.095 
-59.5196 -203.356 
-59.4874 -203.614 
-59.4551 -203.867 
-59.4229 -204.118 
-59.3906 -204.365 
-59.3584 -204.608 
-59.3262 -204.848 
-59.2939 -205.084 
-59.2617 -205.317 
-59.2295 -205.546 
-59.1973 -205.771 
-59.1651 -205.994 
-59.1329 -206.213 
-59.1007 -206.428 
-59.0686 -206.64 
-59.0364 -206.848 
-59.0042 -207.053 
-58.9721 -207.255 
-58.94 -207.453 
-58.9079 -207.648 
-58.8758 -207.839 
-58.8437 -208.027 
-58.8117 -208.212 
-58.7796 -208.393 
-58.7476 -208.571 
-58.7156 -208.746 
-58.6836 -208.917 
-58.6516 -209.085 
-58.6197 -209.25 
-58.5877 -209.411 
-58.5558 -209.569 
-58.5239 -209.724 
-58.492 -209.875 
-58.4602 -210.024 
-58.4284 -210.169 
-58.3965 -210.31 
-58.3648 -210.449 
-58.333 -210.584 
-58.3013 -210.716 
-58.2696 -210.845 
-58.2379 -210.97 
-58.2062 -211.093 
-58.1746 -211.212 
-58.143 -211.328 
-58.1114 -211.441 
-58.0799 -211.551 
-58.0484 -211.658 
-58.0169 -211.761 
-57.9854 -211.861 
-57.954 -211.959 
-57.9226 -212.053 
-57.8913 -212.144 
-57.8599 -212.232 
-57.8286 -212.317 
-57.7974 -212.399 
-57.7662 -212.478 
-57.735 -212.554 
-57.7038 -212.627 
-57.6727 -212.697 
-57.6416 -212.763 
-57.6105 -212.827 
-57.5795 -212.888 
-57.5485 -212.946 
-57.5176 -213.001 
-57.4867 -213.053 
-57.4558 -213.102 
-57.425 -213.148 
-57.3942 -213.191 
-57.3635 -213.232 
-57.3328 -213.269 
-57.3021 -213.304 
-57.2715 -213.335 
-57.2409 -213.364 
-57.2104 -213.39 
-57.1799 -213.413 
-57.1495 -213.433 
-57.1191 -213.451 
-57.0887 -213.465 
-57.0584 -213.477 
-57.0281 -213.486 
-56.9979 -213.492 
-56.9677 -213.496 
-56.9376 -213.497 
-56.9075 -213.495 
-56.8775 -213.49 
-56.8475 -213.482 
-56.8175 -213.472 
-56.7876 -213.459 
-56.7578 -213.444 
-56.728 -213.426 
-56.6983 -213.405 
-56.6686 -213.381 
-56.6389 -213.355 
-56.6093 -213.326 
-56.5798 -213.295 
-56.5503 -213.261 
-56.5209 -213.224 
-56.4915 -213.185 
-56.4621 -213.143 
-56.4329 -213.098 
-56.4036 -213.051 
-56.3745 -213.002 
-56.3453 -212.95 
-56.3163 -212.895 
-56.2873 -212.838 
-56.2583 -212.779 
-56.2294 -212.716 
-56.2006 -212.652 
-56.1718 -212.585 
-56.1431 -212.515 
-56.1144 -212.443 
-56.0858 -212.369 
-56.0572 -212.292 
-56.0287 -212.213 
-56.0003 -212.131 
-55.9719 -212.047 
-55.9436 -211.961 
-55.9153 -211.872 
-55.8871 -211.781 
-55.8589 -211.687 
-55.8309 -211.592 
-55.8028 -211.494 
-55.7749 -211.393 
-55.747 -211.29 
-55.7191 -211.185 
-55.6913 -211.078 
-55.6636 -210.968 
-55.6359 -210.856 
-55.6083 -210.742 
-55.5808 -210.626 
-55.5533 -210.507 
-55.5259 -210.387 
-55.4986 -210.264 
-55.4713 -210.138 
-55.4441 -210.011 
-55.4169 -209.882 
-55.3898 -209.75 
-55.3628 -209.616 
-55.3358 -209.48 
-55.3089 -209.342 
-55.2821 -209.202 
-55.2553 -209.059 
-55.2286 -208.915 
-55.202 -208.768 
-55.1754 -208.62 
-55.1489 -208.469 
-55.1225 -208.317 
-55.0961 -208.162 
-55.0698 -208.005 
-55.0435 -207.846 
-55.0173 -207.685 
-54.9912 -207.523 
-54.9652 -207.358 
-54.9392 -207.191 
-54.9133 -207.023 
-54.8874 -206.852 
-54.8617 -206.679 
-54.836 -206.505 
-54.8103 -206.328 
-54.7847 -206.15 
-54.7592 -205.97 
-54.7338 -205.788 
-54.7084 -205.604 
-54.6831 -205.418 
-54.6579 -205.23 
-54.6327 -205.04 
-54.6076 -204.849 
-54.5825 -204.656 
-54.5576 -204.461 
-54.5327 -204.264 
-54.5078 -204.065 
-54.4831 -203.865 
-54.4584 -203.662 
-54.4337 -203.459 
-54.4092 -203.253 
-54.3847 -203.045 
-54.3602 -202.836 
-54.3359 -202.625 
-54.3116 -202.413 
-54.2874 -202.198 
-54.2632 -201.982 
-54.2391 -201.765 
-54.2151 -201.545 
-54.1911 -201.324 
-54.1672 -201.102 
-54.1434 -200.877 
-54.1197 -200.651 
-54.096 -200.424 
-54.0723 -200.195 
-54.0488 -199.964 
-54.0253 -199.732 
-54.0019 -199.498 
-53.9785 -199.262 
-53.9552 -199.025 
-53.932 -198.787 
-53.9088 -198.547 
-53.8857 -198.305 
-53.8627 -198.062 
-53.8397 -197.817 
-53.8168 -197.571 
-53.794 -197.323 
-53.7712 -197.074 
-53.7485 -196.823 
-53.7259 -196.571 
-53.7033 -196.318 
-53.6808 -196.063 
-53.6583 -195.806 
-53.6359 -195.548 
-53.6136 -195.289 
-53.5913 -195.028 
-53.5691 -194.766 
-53.5469 -194.503 
-53.5248 -194.238 
-53.5028 -193.972 
-53.4808 -193.704 
-53.4589 -193.435 
-53.4371 -193.165 
-53.4153 -192.893 
-53.3935 -192.62 
-53.3719 -192.346 
-53.3502 -192.07 
-53.3287 -191.794 
-53.3072 -191.515 
-53.2857 -191.236 
-53.2643 -190.955 
-53.243 -190.673 
-53.2217 -190.39 
-53.2004 -190.105 
-53.1792 -189.819 
-53.1581 -189.532 
-53.137 -189.244 
-53.116 -188.955 
-53.095 -188.664 
-53.074 -188.372 
-53.0532 -188.079 
-53.0323 -187.784 
-53.0115 -187.489 
-52.9908 -187.192 
-52.9701 -186.894 
-52.9494 -186.595 
-52.9288 -186.295 
-52.9082 -185.994 
-52.8877 -185.691 
-52.8672 -185.388 
-52.8468 -185.083 
-52.8263 -184.777 
-52.806 -184.47 
-52.7856 -184.162 
-52.7653 -183.853 
-52.7451 -183.542 
-52.7248 -183.231 
-52.7046 -182.918 
-52.6845 -182.605 
-52.6643 -182.29 
-52.6442 -181.974 
-52.6242 -181.657 
-52.6041 -181.339 
-52.5841 -181.02 
-52.5641 -180.7 
-52.5441 -180.379 
-52.5242 -180.057 
-52.5042 -179.734 
-52.4843 -179.41 
-52.4644 -179.085 
-52.4445 -178.758 
-52.4246 -178.431 
-52.4048 -178.103 
-52.3849 -177.774 
-52.3651 -177.443 
-52.3453 -177.112 
-52.3254 -176.78 
-52.3056 -176.446 
-52.2858 -176.112 
-52.266 -175.776 
-52.2462 -175.44 
-52.2263 -175.103 
-52.2065 -174.764 
-52.1866 -174.425 
-52.1668 -174.085 
-52.1469 -173.744 
-52.127 -173.401 
-52.1071 -173.058 
-52.0872 -172.714 
-52.0673 -172.368 
-52.0473 -172.022 
-52.0273 -171.675 
-52.0073 -171.327 
-51.9872 -170.978 
-51.9671 -170.628 
-51.9469 -170.276 
-51.9267 -169.924 
-51.9065 -169.571 
-51.8862 -169.217 
-51.8658 -168.862 
-51.8454 -168.506 
-51.825 -168.149 
-51.8044 -167.791 
-51.7838 -167.431 
-51.7631 -167.071 
-51.7423 -166.71 
-51.7215 -166.348 
-51.7005 -165.985 
-51.6795 -165.621 
-51.6583 -165.255 
-51.6371 -164.889 
-51.6157 -164.522 
-51.5942 -164.153 
-51.5726 -163.784 
-51.5508 -163.413 
-51.5289 -163.041 
-51.5069 -162.669 
-51.4847 -162.295 
-51.4623 -161.92 
-51.4398 -161.544 
-51.417 -161.166 
-51.3941 -160.788 
-51.371 -160.408 
-51.3477 -160.028 
-51.3241 -159.646 
-51.3003 -159.262 
-51.2763 -158.878 
-51.252 -158.492 
-51.2274 -158.105 
-51.2025 -157.717 
-51.1773 -157.327 
-51.1518 -156.936 
-51.1259 -156.544 
-51.0997 -156.15 
-51.0731 -155.755 
-51.0461 -155.358 
-51.0186 -154.96 
-50.9907 -154.56 
-50.9623 -154.159 
-50.9334 -153.756 
-50.904 -153.351 
-50.8739 -152.945 
-50.8433 -152.537 
-50.8119 -152.127 
-50.7799 -151.716 
-50.7471 -151.302 
-50.7135 -150.886 
-50.679 -150.469 
-50.6436 -150.049 
-50.6071 -149.627 
-50.5696 -149.202 
-50.5309 -148.776 
-50.4908 -148.346 
-50.4494 -147.915 
-50.4065 -147.48 
-50.3618 -147.042 
-50.3153 -146.602 
-50.2667 -146.158 
-50.2159 -145.711 
-50.1625 -145.261 
-50.1063 -144.807 
-50.0469 -144.348 
-49.9838 -143.886 
-49.9165 -143.418 
-49.8443 -142.946 
-49.7665 -142.469 
-49.682 -141.985 
-49.5895 -141.495 
-49.4871 -140.997 
-49.3726 -140.492 
-49.2425 -139.977 
-49.0919 -139.452 
-48.9133 -138.914 
-48.6942 -138.361 
-48.4122 -137.79 
-48.0209 -137.194 
-47.4031 -136.565 
-46.1282 -135.88 
-40.4188 -135.081 
-60.4109 304.503 
-60.472 302.942 
-60.5327 301.378 
-60.593 299.813 
-60.653 298.246 
-60.7125 296.677 
-60.7716 295.107 
-60.8304 293.535 
-60.8888 291.962 
-60.9468 290.387 
-61.0044 288.81 
-61.0616 287.232 
-61.1184 285.653 
-61.1749 284.072 
-61.2309 282.49 
-61.2866 280.907 
-61.3419 279.322 
-61.3968 277.736 
-61.4514 276.149 
-61.5055 274.561 
-61.5593 272.972 
-61.6127 271.382 
-61.6657 269.79 
-61.7183 268.198 
-61.7706 266.605 
-61.8224 265.01 
-61.8739 263.415 
-61.925 261.819 
-61.9758 260.223 
-62.0261 258.625 
-62.0761 257.027 
-62.1257 255.428 
-62.1749 253.828 
-62.2237 252.228 
-62.2722 250.627 
-62.3203 249.026 
-62.368 247.424 
-62.4154 245.822 
-62.4623 244.219 
-62.5089 242.616 
-62.5552 241.012 
-62.601 239.408 
-62.6465 237.804 
-62.6916 236.199 
-62.7363 234.594 
-62.7807 232.989 
-62.8247 231.384 
-62.8683 229.779 
-62.9116 228.174 
-62.9545 226.568 
-62.997 224.963 
-63.0392 223.357 
-63.081 221.752 
-63.1224 220.146 
-63.1635 218.541 
-63.2042 216.936 
-63.2445 215.331 
-63.2845 213.726 
-63.3241 212.121 
-63.3633 210.517 
-63.4022 208.913 
-63.4407 207.309 
-63.4789 205.705 
-63.5167 204.102 
-63.5541 202.5 
-63.5912 200.898 
-63.628 199.296 
-63.6643 197.695 
-63.7003 196.094 
-63.736 194.494 
-63.7713 192.895 
-63.8063 191.296 
-63.8409 189.698 
-63.8751 188.101 
-63.909 186.504 
-63.9426 184.908 
-63.9757 183.313 
-64.0086 181.719 
-64.0411 180.125 
-64.0732 178.533 
-64.105 176.941 
-64.1365 175.35 
-64.1676 173.761 
-64.1983 172.172 
-64.2287 170.584 
-64.2588 168.997 
-64.2885 167.412 
-64.3179 165.827 
-64.347 164.244 
-64.3757 162.662 
-64.404 161.081 
-64.432 159.501 
-64.4597 157.923 
-64.487 156.346 
-64.5141 154.77 
-64.5407 153.195 
-64.567 151.622 
-64.593 150.05 
-64.6187 148.48 
-64.644 146.911 
-64.669 145.343 
-64.6937 143.777 
-64.718 142.213 
-64.742 140.65 
-64.7657 139.089 
-64.789 137.529 
-64.812 135.971 
-64.8347 134.415 
-64.8571 132.86 
-64.8791 131.307 
-64.9008 129.756 
-64.9222 128.206 
-64.9433 126.659 
-64.9641 125.113 
-64.9845 123.569 
-65.0046 122.026 
-65.0244 120.486 
-65.0438 118.948 
-65.063 117.411 
-65.0818 115.877 
-65.1003 114.344 
-65.1185 112.814 
-65.1364 111.285 
-65.154 109.759 
-65.1712 108.234 
-65.1882 106.712 
-65.2048 105.192 
-65.2211 103.674 
-65.2371 102.158 
-65.2528 100.644 
-65.2682 99.1329 
-65.2833 97.6237 
-65.2981 96.1168 
-65.3126 94.6121 
-65.3268 93.1098 
-65.3407 91.6098 
-65.3542 90.1121 
-65.3675 88.6168 
-65.3805 87.1239 
-65.3932 85.6334 
-65.4056 84.1454 
-65.4176 82.6598 
-65.4294 81.1767 
-65.4409 79.6961 
-65.4521 78.218 
-65.463 76.7424 
-65.4736 75.2695 
-65.4839 73.799 
-65.494 72.3312 
-65.5037 70.8661 
-65.5132 69.4035 
-65.5223 67.9436 
-65.5312 66.4865 
-65.5398 65.032 
-65.5481 63.5802 
-65.5561 62.1312 
-65.5638 60.6849 
-65.5713 59.2414 
-65.5785 57.8007 
-65.5854 56.3628 
-65.592 54.9278 
-65.5983 53.4956 
-65.6044 52.0663 
-65.6101 50.6399 
-65.6157 49.2164 
-65.6209 47.7958 
-65.6258 46.3781 
-65.6305 44.9635 
-65.6349 43.5518 
-65.6391 42.1431 
-65.643 40.7374 
-65.6466 39.3347 
-65.6499 37.9351 
-65.653 36.5386 
-65.6558 35.1452 
-65.6583 33.7548 
-65.6606 32.3676 
-65.6626 30.9835 
-65.6644 29.6025 
-65.6659 28.2247 
-65.6671 26.8501 
-65.6681 25.4787 
-65.6688 24.1106 
-65.6693 22.7456 
-65.6695 21.3839 
-65.6695 20.0254 
-65.6692 18.6703 
-65.6686 17.3184 
-65.6678 15.9698 
-65.6668 14.6245 
-65.6655 13.2826 
-65.6639 11.944 
-65.6621 10.6088 
-65.6601 9.277 
-65.6578 7.94856 
-65.6552 6.62354 
-65.6525 5.30193 
-65.6494 3.98376 
-65.6462 2.66905 
-65.6427 1.35779 
-65.6389 0.0500099 
-65.635 -1.25428 
-65.6308 -2.55507 
-65.6263 -3.85234 
-65.6216 -5.14608 
-65.6167 -6.43627 
-65.6115 -7.72292 
-65.6062 -9.00599 
-65.6006 -10.2855 
-65.5947 -11.5614 
-65.5886 -12.8337 
-65.5823 -14.1024 
-65.5758 -15.3674 
-65.5691 -16.6288 
-65.5621 -17.8866 
-65.5549 -19.1407 
-65.5474 -20.3911 
-65.5398 -21.6378 
-65.5319 -22.8809 
-65.5238 -24.1202 
-65.5155 -25.3558 
-65.507 -26.5876 
-65.4983 -27.8158 
-65.4893 -29.0401 
-65.4802 -30.2608 
-65.4708 -31.4776 
-65.4612 -32.6906 
-65.4514 -33.8999 
-65.4414 -35.1053 
-65.4312 -36.307 
-65.4207 -37.5048 
-65.4101 -38.6988 
-65.3992 -39.8889 
-65.3882 -41.0752 
-65.3769 -42.2576 
-65.3655 -43.4361 
-65.3538 -44.6108 
-65.342 -45.7816 
-65.3299 -46.9485 
-65.3176 -48.1114 
-65.3052 -49.2705 
-65.2925 -50.4256 
-65.2797 -51.5768 
-65.2666 -52.724 
-65.2534 -53.8673 
-65.24 -55.0067 
-65.2264 -56.142 
-65.2126 -57.2734 
-65.1986 -58.4009 
-65.1844 -59.5243 
-65.17 -60.6437 
-65.1554 -61.7592 
-65.1407 -62.8706 
-65.1258 -63.978 
-65.1107 -65.0813 
-65.0954 -66.1807 
-65.0799 -67.276 
-65.0642 -68.3672 
-65.0484 -69.4544 
-65.0324 -70.5376 
-65.0162 -71.6167 
-64.9998 -72.6917 
-64.9833 -73.7626 
-64.9666 -74.8294 
-64.9497 -75.8922 
-64.9327 -76.9508 
-64.9154 -78.0054 
-64.898 -79.0558 
-64.8805 -80.1021 
-64.8627 -81.1443 
-64.8448 -82.1824 
-64.8268 -83.2164 
-64.8085 -84.2462 
-64.7902 -85.2719 
-64.7716 -86.2934 
-64.7529 -87.3108 
-64.734 -88.3241 
-64.715 -89.3331 
-64.6958 -90.3381 
-64.6764 -91.3388 
-64.6569 -92.3354 
-64.6373 -93.3278 
-64.6174 -94.316 
-64.5975 -95.3 
-64.5774 -96.2799 
-64.5571 -97.2556 
-64.5367 -98.227 
-64.5161 -99.1943 
-64.4954 -100.157 
-64.4745 -101.116 
-64.4535 -102.071 
-64.4323 -103.021 
-64.411 -103.968 
-64.3896 -104.91 
-64.368 -105.847 
-64.3463 -106.781 
-64.3244 -107.71 
-64.3024 -108.635 
-64.2803 -109.556 
-64.258 -110.473 
-64.2356 -111.385 
-64.213 -112.293 
-64.1904 -113.197 
-64.1675 -114.097 
-64.1446 -114.992 
-64.1215 -115.884 
-64.0983 -116.771 
-64.075 -117.653 
-64.0515 -118.532 
-64.0279 -119.406 
-64.0042 -120.276 
-63.9804 -121.142 
-63.9564 -122.003 
-63.9323 -122.86 
-63.9081 -123.713 
-63.8838 -124.562 
-63.8593 -125.406 
-63.8347 -126.246 
-63.81 -127.082 
-63.7852 -127.914 
-63.7603 -128.741 
-63.7353 -129.564 
-63.7101 -130.383 
-63.6849 -131.198 
-63.6595 -132.008 
-63.634 -132.814 
-63.6084 -133.616 
-63.5827 -134.414 
-63.5569 -135.207 
-63.531 -135.996 
-63.5049 -136.781 
-63.4788 -137.561 
-63.4526 -138.337 
-63.4262 -139.109 
-63.3998 -139.877 
-63.3732 -140.641 
-63.3466 -141.4 
-63.3198 -142.155 
-63.293 -142.906 
-63.2661 -143.652 
-63.239 -144.394 
-63.2119 -145.132 
-63.1847 -145.866 
-63.1573 -146.595 
-63.1299 -147.321 
-63.1024 -148.042 
-63.0748 -148.758 
-63.0471 -149.471 
-63.0194 -150.179 
-62.9915 -150.883 
-62.9635 -151.583 
-62.9355 -152.279 
-62.9074 -152.97 
-62.8792 -153.657 
-62.8509 -154.34 
-62.8225 -155.019 
-62.794 -155.693 
-62.7655 -156.363 
-62.7369 -157.029 
-62.7082 -157.691 
-62.6794 -158.349 
-62.6506 -159.002 
-62.6216 -159.652 
-62.5926 -160.297 
-62.5636 -160.937 
-62.5344 -161.574 
-62.5052 -162.206 
-62.4759 -162.835 
-62.4465 -163.459 
-62.4171 -164.079 
-62.3876 -164.695 
-62.358 -165.306 
-62.3284 -165.914 
-62.2986 -166.517 
-62.2689 -167.116 
-62.239 -167.711 
-62.2091 -168.302 
-62.1792 -168.888 
-62.1491 -169.471 
-62.119 -170.049 
-62.0889 -170.623 
-62.0587 -171.193 
-62.0284 -171.759 
-61.9981 -172.321 
-61.9677 -172.879 
-61.9373 -173.433 
-61.9068 -173.982 
-61.8762 -174.528 
-61.8456 -175.069 
-61.815 -175.606 
-61.7843 -176.14 
-61.7535 -176.669 
-61.7227 -177.194 
-61.6918 -177.715 
-61.6609 -178.232 
-61.63 -178.744 
-61.599 -179.253 
-61.5679 -179.758 
-61.5369 -180.259 
-61.5057 -180.755 
-61.4745 -181.248 
-61.4433 -181.736 
-61.4121 -182.221 
-61.3808 -182.702 
-61.3494 -183.178 
-61.318 -183.651 
-61.2866 -184.119 
-61.2551 -184.584 
-61.2237 -185.045 
-61.1921 -185.501 
-61.1606 -185.954 
-61.129 -186.403 
-61.0973 -186.847 
-61.0656 -187.288 
-61.0339 -187.725 
-61.0022 -188.158 
-60.9704 -188.587 
-60.9387 -189.012 
-60.9068 -189.433 
-60.875 -189.85 
-60.8431 -190.264 
-60.8112 -190.673 
-60.7793 -191.079 
-60.7473 -191.48 
-60.7153 -191.878 
-60.6833 -192.272 
-60.6513 -192.662 
-60.6193 -193.048 
-60.5872 -193.43 
-60.5551 -193.809 
-60.523 -194.184 
-60.4908 -194.554 
-60.4587 -194.921 
-60.4265 -195.285 
-60.3944 -195.644 
-60.3622 -196 
-60.3299 -196.352 
-60.2977 -196.7 
-60.2655 -197.044 
-60.2332 -197.384 
-60.2009 -197.721 
-60.1687 -198.054 
-60.1364 -198.383 
-60.1041 -198.709 
-60.0717 -199.031 
-60.0394 -199.349 
-60.0071 -199.663 
-59.9748 -199.974 
-59.9424 -200.281 
-59.9101 -200.584 
-59.8777 -200.884 
-59.8453 -201.18 
-59.813 -201.472 
-59.7806 -201.761 
-59.7482 -202.046 
-59.7159 -202.327 
-59.6835 -202.605 
-59.6511 -202.879 
-59.6187 -203.15 
-59.5864 -203.417 
-59.554 -203.68 
-59.5216 -203.94 
-59.4893 -204.196 
-59.4569 -204.449 
-59.4245 -204.698 
-59.3922 -204.943 
-59.3598 -205.185 
-59.3275 -205.424 
-59.2951 -205.659 
-59.2628 -205.89 
-59.2305 -206.118 
-59.1982 -206.343 
-59.1659 -206.564 
-59.1336 -206.781 
-59.1013 -206.995 
-59.069 -207.206 
-59.0367 -207.413 
-59.0045 -207.617 
-58.9722 -207.817 
-58.94 -208.014 
-58.9078 -208.207 
-58.8756 -208.397 
-58.8434 -208.584 
-58.8113 -208.767 
-58.7791 -208.947 
-58.747 -209.124 
-58.7149 -209.297 
-58.6828 -209.467 
-58.6507 -209.633 
-58.6186 -209.797 
-58.5866 -209.957 
-58.5546 -210.113 
-58.5226 -210.267 
-58.4906 -210.417 
-58.4587 -210.563 
-58.4268 -210.707 
-58.3948 -210.847 
-58.363 -210.984 
-58.3311 -211.118 
-58.2993 -211.248 
-58.2675 -211.376 
-58.2357 -211.5 
-58.204 -211.621 
-58.1722 -211.739 
-58.1405 -211.853 
-58.1089 -211.965 
-58.0772 -212.073 
-58.0456 -212.178 
-58.014 -212.28 
-57.9825 -212.379 
-57.951 -212.475 
-57.9195 -212.568 
-57.8881 -212.657 
-57.8566 -212.744 
-57.8252 -212.827 
-57.7939 -212.908 
-57.7626 -212.985 
-57.7313 -213.059 
-57.7001 -213.131 
-57.6688 -213.199 
-57.6377 -213.264 
-57.6065 -213.326 
-57.5754 -213.386 
-57.5444 -213.442 
-57.5133 -213.495 
-57.4824 -213.546 
-57.4514 -213.593 
-57.4205 -213.638 
-57.3896 -213.679 
-57.3588 -213.718 
-57.328 -213.754 
-57.2973 -213.787 
-57.2666 -213.817 
-57.2359 -213.844 
-57.2053 -213.868 
-57.1747 -213.89 
-57.1442 -213.909 
-57.1137 -213.924 
-57.0833 -213.937 
-57.0529 -213.948 
-57.0225 -213.955 
-56.9922 -213.96 
-56.962 -213.961 
-56.9318 -213.961 
-56.9016 -213.957 
-56.8715 -213.951 
-56.8414 -213.941 
-56.8114 -213.93 
-56.7814 -213.915 
-56.7515 -213.898 
-56.7216 -213.878 
-56.6918 -213.855 
-56.6621 -213.83 
-56.6323 -213.802 
-56.6027 -213.772 
-56.5731 -213.739 
-56.5435 -213.703 
-56.514 -213.664 
-56.4845 -213.624 
-56.4551 -213.58 
-56.4258 -213.534 
-56.3965 -213.485 
-56.3672 -213.434 
-56.338 -213.38 
-56.3089 -213.324 
-56.2798 -213.265 
-56.2508 -213.204 
-56.2218 -213.14 
-56.1929 -213.074 
-56.1641 -213.005 
-56.1353 -212.934 
-56.1065 -212.86 
-56.0779 -212.784 
-56.0492 -212.705 
-56.0207 -212.624 
-55.9922 -212.541 
-55.9637 -212.455 
-55.9353 -212.367 
-55.907 -212.277 
-55.8787 -212.184 
-55.8505 -212.089 
-55.8224 -211.991 
-55.7943 -211.891 
-55.7663 -211.789 
-55.7383 -211.685 
-55.7104 -211.578 
-55.6826 -211.469 
-55.6548 -211.357 
-55.6271 -211.244 
-55.5994 -211.128 
-55.5718 -211.01 
-55.5443 -210.889 
-55.5168 -210.767 
-55.4894 -210.642 
-55.4621 -210.515 
-55.4348 -210.386 
-55.4076 -210.255 
-55.3804 -210.121 
-55.3533 -209.986 
-55.3263 -209.848 
-55.2994 -209.708 
-55.2725 -209.566 
-55.2456 -209.422 
-55.2189 -209.276 
-55.1922 -209.128 
-55.1656 -208.977 
-55.139 -208.825 
-55.1125 -208.671 
-55.0861 -208.514 
-55.0597 -208.356 
-55.0334 -208.195 
-55.0072 -208.032 
-54.981 -207.868 
-54.9549 -207.701 
-54.9289 -207.533 
-54.9029 -207.362 
-54.877 -207.19 
-54.8512 -207.016 
-54.8254 -206.839 
-54.7998 -206.661 
-54.7741 -206.481 
-54.7486 -206.299 
-54.7231 -206.115 
-54.6977 -205.929 
-54.6723 -205.742 
-54.647 -205.552 
-54.6218 -205.361 
-54.5966 -205.168 
-54.5716 -204.973 
-54.5465 -204.776 
-54.5216 -204.577 
-54.4967 -204.377 
-54.4719 -204.175 
-54.4472 -203.971 
-54.4225 -203.765 
-54.3979 -203.558 
-54.3733 -203.348 
-54.3489 -203.137 
-54.3245 -202.925 
-54.3001 -202.71 
-54.2759 -202.494 
-54.2517 -202.276 
-54.2275 -202.057 
-54.2035 -201.836 
-54.1795 -201.613 
-54.1555 -201.389 
-54.1317 -201.163 
-54.1079 -200.935 
-54.0841 -200.706 
-54.0605 -200.475 
-54.0369 -200.242 
-54.0133 -200.008 
-53.9899 -199.773 
-53.9665 -199.535 
-53.9431 -199.297 
-53.9199 -199.056 
-53.8967 -198.814 
-53.8735 -198.571 
-53.8505 -198.326 
-53.8275 -198.08 
-53.8045 -197.832 
-53.7816 -197.582 
-53.7588 -197.331 
-53.7361 -197.079 
-53.7134 -196.825 
-53.6908 -196.57 
-53.6682 -196.313 
-53.6457 -196.055 
-53.6233 -195.795 
-53.6009 -195.534 
-53.5786 -195.272 
-53.5563 -195.008 
-53.5342 -194.743 
-53.512 -194.476 
-53.49 -194.208 
