-42.8678 77.1368 
-60.4425 516.616 
-60.5525 514.54 
-60.6618 512.46 
-60.7706 510.374 
-60.8789 508.284 
-60.9866 506.189 
-61.0937 504.089 
-61.2003 501.984 
-61.3063 499.875 
-61.4118 497.761 
-61.5166 495.643 
-61.621 493.52 
-61.7247 491.393 
-61.8279 489.262 
-61.9306 487.126 
-62.0327 484.986 
-62.1342 482.842 
-62.2352 480.694 
-62.3356 478.542 
-62.4354 476.386 
-62.5347 474.226 
-62.6334 472.062 
-62.7316 469.895 
-62.8292 467.723 
-62.9262 465.549 
-63.0227 463.37 
-63.1186 461.188 
-63.214 459.002 
-63.3088 456.813 
-63.403 454.621 
-63.4967 452.426 
-63.5899 450.227 
-63.6825 448.025 
-63.7745 445.82 
-63.8659 443.611 
-63.9568 441.4 
-64.0472 439.186 
-64.137 436.969 
-64.2262 434.749 
-64.3149 432.526 
-64.403 430.301 
-64.4906 428.073 
-64.5776 425.842 
-64.6641 423.609 
-64.75 421.373 
-64.8354 419.135 
-64.9202 416.895 
-65.0044 414.652 
-65.0882 412.407 
-65.1713 410.159 
-65.2539 407.91 
-65.336 405.658 
-65.4175 403.405 
-65.4984 401.149 
-65.5788 398.892 
-65.6587 396.632 
-65.738 394.371 
-65.8168 392.108 
-65.895 389.843 
-65.9726 387.577 
-66.0498 385.309 
-66.1264 383.039 
-66.2024 380.768 
-66.2779 378.496 
-66.3528 376.222 
-66.4272 373.946 
-66.5011 371.67 
-66.5744 369.392 
-66.6472 367.113 
-66.7194 364.833 
-66.7911 362.552 
-66.8623 360.27 
-66.9329 357.986 
-67.003 355.702 
-67.0725 353.417 
-67.1416 351.131 
-67.21 348.845 
-67.278 346.557 
-67.3454 344.269 
-67.4123 341.981 
-67.4786 339.691 
-67.5444 337.402 
-67.6097 335.111 
-67.6744 332.821 
-67.7387 330.53 
-67.8024 328.238 
-67.8655 325.947 
-67.9282 323.655 
-67.9903 321.363 
-68.0518 319.071 
-68.1129 316.778 
-68.1734 314.486 
-68.2334 312.194 
-68.2929 309.902 
-68.3519 307.61 
-68.4103 305.318 
-68.4683 303.026 
-68.5257 300.734 
-68.5826 298.443 
-68.6389 296.152 
-68.6948 293.862 
-68.7501 291.572 
-68.8049 289.282 
-68.8593 286.993 
-68.913 284.705 
-68.9663 282.417 
-69.0191 280.129 
-69.0714 277.843 
-69.1231 275.557 
-69.1744 273.272 
-69.2251 270.988 
-69.2753 268.705 
-69.3251 266.423 
-69.3743 264.141 
-69.423 261.861 
-69.4712 259.582 
-69.5189 257.303 
-69.5662 255.026 
-69.6129 252.751 
-69.6591 250.476 
-69.7048 248.203 
-69.75 245.931 
-69.7948 243.66 
-69.839 241.391 
-69.8827 239.123 
-69.926 236.857 
-69.9688 234.592 
-70.011 232.328 
-70.0528 230.067 
-70.0941 227.807 
-70.1349 225.548 
-70.1752 223.292 
-70.215 221.037 
-70.2544 218.784 
-70.2933 216.533 
-70.3316 214.284 
-70.3695 212.036 
-70.407 209.791 
-70.4439 207.547 
-70.4804 205.306 
-70.5164 203.067 
-70.5519 200.829 
-70.587 198.594 
-70.6215 196.362 
-70.6556 194.131 
-70.6893 191.903 
-70.7224 189.677 
-70.7551 187.453 
-70.7874 185.232 
-70.8191 183.013 
-70.8504 180.796 
-70.8813 178.582 
-70.9116 176.371 
-70.9415 174.162 
-70.971 171.956 
-71 169.752 
-71.0285 167.551 
-71.0566 165.353 
-71.0843 163.158 
-71.1114 160.965 
-71.1382 158.775 
-71.1644 156.588 
-71.1903 154.404 
-71.2156 152.222 
-71.2406 150.044 
-71.265 147.869 
-71.2891 145.696 
-71.3127 143.527 
-71.3358 141.361 
-71.3585 139.197 
-71.3808 137.037 
-71.4027 134.881 
-71.4241 132.727 
-71.445 130.577 
-71.4655 128.43 
-71.4856 126.286 
-71.5053 124.145 
-71.5245 122.008 
-71.5433 119.874 
-71.5617 117.744 
-71.5797 115.617 
-71.5972 113.494 
-71.6143 111.374 
-71.631 109.258 
-71.6472 107.145 
-71.6631 105.036 
-71.6785 102.931 
-71.6935 100.829 
-71.7081 98.7309 
-71.7222 96.6365 
-71.736 94.5459 
-71.7494 92.4591 
-71.7623 90.3761 
-71.7748 88.2969 
-71.7869 86.2216 
-71.7986 84.1502 
-71.81 82.0828 
-71.8209 80.0192 
-71.8314 77.9597 
-71.8415 75.9041 
-71.8512 73.8526 
-71.8605 71.8052 
-71.8694 69.7618 
-71.8779 67.7225 
-71.886 65.6874 
-71.8937 63.6565 
-71.9011 61.6297 
-71.908 59.6071 
-71.9146 57.5888 
-71.9207 55.5748 
-71.9265 53.565 
-71.9319 51.5595 
-71.9369 49.5584 
-71.9416 47.5617 
-71.9458 45.5693 
-71.9497 43.5814 
-71.9532 41.5979 
-71.9563 39.6188 
-71.9591 37.6442 
-71.9615 35.6741 
-71.9635 33.7086 
-71.9651 31.7476 
-71.9664 29.7912 
-71.9673 27.8394 
-71.9678 25.8922 
-71.968 23.9496 
-71.9678 22.0117 
-71.9672 20.0785 
-71.9663 18.15 
-71.9651 16.2262 
-71.9634 14.3072 
-71.9614 12.3929 
-71.9591 10.4835 
-71.9564 8.57881 
-71.9534 6.67899 
-71.95 4.78402 
-71.9463 2.89392 
-71.9422 1.00871 
-71.9377 -0.871583 
-71.933 -2.74695 
-71.9278 -4.61736 
-71.9224 -6.4828 
-71.9166 -8.34325 
-71.9105 -10.1987 
-71.904 -12.0491 
-71.8972 -13.8945 
-71.89 -15.7348 
-71.8826 -17.57 
-71.8748 -19.4001 
-71.8666 -21.2251 
-71.8582 -23.045 
-71.8494 -24.8597 
-71.8403 -26.6693 
-71.8308 -28.4736 
-71.8211 -30.2728 
-71.811 -32.0667 
-71.8006 -33.8554 
-71.7899 -35.6389 
-71.7789 -37.417 
-71.7675 -39.1899 
-71.7559 -40.9575 
-71.7439 -42.7198 
-71.7317 -44.4767 
-71.7191 -46.2283 
-71.7062 -47.9745 
-71.693 -49.7153 
-71.6795 -51.4508 
-71.6657 -53.1808 
-71.6516 -54.9054 
-71.6372 -56.6246 
-71.6225 -58.3384 
-71.6075 -60.0466 
-71.5922 -61.7494 
-71.5766 -63.4467 
-71.5607 -65.1385 
-71.5446 -66.8247 
-71.5281 -68.5055 
-71.5114 -70.1806 
-71.4943 -71.8503 
-71.477 -73.5143 
-71.4594 -75.1728 
-71.4415 -76.8257 
-71.4234 -78.4729 
-71.4049 -80.1146 
-71.3862 -81.7506 
-71.3672 -83.381 
-71.348 -85.0057 
-71.3284 -86.6247 
-71.3086 -88.2381 
-71.2885 -89.8458 
-71.2682 -91.4478 
-71.2476 -93.044 
-71.2267 -94.6346 
-71.2055 -96.2194 
-71.1841 -97.7985 
-71.1625 -99.3718 
-71.1405 -100.939 
-71.1184 -102.501 
-71.0959 -104.057 
-71.0732 -105.607 
-71.0503 -107.152 
-71.0271 -108.69 
-71.0036 -110.223 
-70.9799 -111.75 
-70.956 -113.271 
-70.9318 -114.787 
-70.9073 -116.296 
-70.8827 -117.8 
-70.8577 -119.297 
-70.8326 -120.789 
-70.8072 -122.275 
-70.7815 -123.755 
-70.7557 -125.229 
-70.7296 -126.698 
-70.7032 -128.16 
-70.6767 -129.616 
-70.6499 -131.067 
-70.6228 -132.512 
-70.5956 -133.95 
-70.5681 -135.383 
-70.5404 -136.81 
-70.5125 -138.23 
-70.4843 -139.645 
-70.4559 -141.054 
-70.4274 -142.457 
-70.3986 -143.854 
-70.3695 -145.245 
-70.3403 -146.63 
-70.3109 -148.008 
-70.2812 -149.381 
-70.2513 -150.748 
-70.2213 -152.109 
-70.191 -153.464 
-70.1605 -154.813 
-70.1298 -156.156 
-70.0989 -157.493 
-70.0678 -158.823 
-70.0366 -160.148 
-70.0051 -161.467 
-69.9734 -162.78 
-69.9415 -164.086 
-69.9094 -165.387 
-69.8772 -166.681 
-69.8447 -167.97 
-69.8121 -169.252 
-69.7793 -170.528 
-69.7462 -171.799 
-69.713 -173.063 
-69.6797 -174.321 
-69.6461 -175.573 
-69.6124 -176.819 
-69.5784 -178.059 
-69.5443 -179.293 
-69.51 -180.521 
-69.4756 -181.743 
-69.441 -182.958 
-69.4062 -184.168 
-69.3712 -185.371 
-69.3361 -186.569 
-69.3007 -187.76 
-69.2653 -188.945 
-69.2296 -190.124 
-69.1938 -191.298 
-69.1579 -192.464 
-69.1217 -193.625 
-69.0854 -194.78 
-69.049 -195.929 
-69.0124 -197.072 
-68.9756 -198.208 
-68.9387 -199.339 
-68.9017 -200.463 
-68.8645 -201.581 
-68.8271 -202.694 
-68.7896 -203.8 
-68.7519 -204.9 
-68.7141 -205.994 
-68.6762 -207.082 
-68.6381 -208.164 
-68.5999 -209.239 
-68.5615 -210.309 
-68.523 -211.373 
-68.4843 -212.43 
-68.4455 -213.482 
-68.4066 -214.527 
-68.3675 -215.567 
-68.3284 -216.6 
-68.289 -217.627 
-68.2496 -218.648 
-68.21 -219.664 
-68.1703 -220.673 
-68.1305 -221.676 
-68.0905 -222.673 
-68.0505 -223.664 
-68.0103 -224.649 
-67.9699 -225.628 
-67.9295 -226.601 
-67.889 -227.568 
-67.8483 -228.528 
-67.8075 -229.483 
-67.7666 -230.432 
-67.7256 -231.375 
-67.6845 -232.312 
-67.6432 -233.243 
-67.6019 -234.167 
-67.5604 -235.086 
-67.5189 -235.999 
-67.4772 -236.906 
-67.4355 -237.807 
-67.3936 -238.702 
-67.3516 -239.591 
-67.3096 -240.474 
-67.2674 -241.351 
-67.2252 -242.222 
-67.1828 -243.087 
-67.1404 -243.946 
-67.0978 -244.8 
-67.0552 -245.647 
-67.0125 -246.488 
-66.9696 -247.324 
-66.9267 -248.154 
-66.8837 -248.977 
-66.8407 -249.795 
-66.7975 -250.607 
-66.7543 -251.413 
-66.7109 -252.213 
-66.6675 -253.007 
-66.624 -253.796 
-66.5805 -254.578 
-66.5368 -255.355 
-66.4931 -256.126 
-66.4493 -256.891 
-66.4055 -257.65 
-66.3615 -258.404 
-66.3175 -259.151 
-66.2734 -259.893 
-66.2293 -260.629 
-66.1851 -261.359 
-66.1408 -262.084 
-66.0964 -262.802 
-66.052 -263.515 
-66.0076 -264.222 
-65.963 -264.924 
-65.9184 -265.619 
-65.8738 -266.309 
-65.8291 -266.993 
-65.7843 -267.672 
-65.7395 -268.344 
-65.6946 -269.011 
-65.6497 -269.673 
-65.6047 -270.328 
-65.5596 -270.978 
-65.5145 -271.623 
-65.4694 -272.261 
-65.4242 -272.894 
-65.379 -273.522 
-65.3337 -274.143 
-65.2884 -274.759 
-65.243 -275.37 
-65.1976 -275.975 
-65.1522 -276.574 
-65.1067 -277.168 
-65.0611 -277.756 
-65.0156 -278.339 
-64.97 -278.916 
-64.9243 -279.487 
-64.8787 -280.053 
-64.833 -280.614 
-64.7872 -281.169 
-64.7415 -281.718 
-64.6957 -282.262 
-64.6498 -282.801 
-64.604 -283.334 
-64.5581 -283.861 
-64.5122 -284.383 
-64.4662 -284.9 
-64.4203 -285.411 
-64.3743 -285.917 
-64.3283 -286.418 
-64.2823 -286.913 
-64.2362 -287.402 
-64.1902 -287.887 
-64.1441 -288.365 
-64.098 -288.839 
-64.0519 -289.307 
-64.0058 -289.77 
-63.9596 -290.228 
-63.9135 -290.68 
-63.8673 -291.127 
-63.8211 -291.569 
-63.775 -292.005 
-63.7288 -292.437 
-63.6826 -292.863 
-63.6364 -293.283 
-63.5902 -293.699 
-63.5439 -294.109 
-63.4977 -294.514 
-63.4515 -294.914 
-63.4053 -295.309 
-63.3591 -295.699 
-63.3128 -296.083 
-63.2666 -296.463 
-63.2204 -296.837 
-63.1742 -297.206 
-63.128 -297.57 
-63.0818 -297.929 
-63.0356 -298.283 
-62.9894 -298.632 
-62.9432 -298.975 
-62.897 -299.314 
-62.8508 -299.648 
-62.8047 -299.977 
-62.7585 -300.3 
-62.7124 -300.619 
-62.6663 -300.933 
-62.6202 -301.242 
-62.5741 -301.545 
-62.528 -301.844 
-62.482 -302.138 
-62.4359 -302.428 
-62.3899 -302.712 
-62.3439 -302.991 
-62.2979 -303.266 
-62.252 -303.535 
-62.206 -303.8 
-62.1601 -304.06 
-62.1142 -304.315 
-62.0684 -304.566 
-62.0225 -304.812 
-61.9767 -305.052 
-61.9309 -305.289 
-61.8852 -305.52 
-61.8395 -305.747 
-61.7938 -305.969 
-61.7481 -306.186 
-61.7025 -306.398 
-61.6569 -306.606 
-61.6113 -306.81 
-61.5658 -307.008 
-61.5203 -307.202 
-61.4748 -307.392 
-61.4294 -307.577 
-61.384 -307.757 
-61.3386 -307.932 
-61.2933 -308.104 
-61.248 -308.27 
-61.2028 -308.432 
-61.1576 -308.59 
-61.1125 -308.743 
-61.0674 -308.891 
-61.0223 -309.036 
-60.9773 -309.175 
-60.9323 -309.31 
-60.8874 -309.441 
-60.8425 -309.568 
-60.7977 -309.69 
-60.7529 -309.807 
-60.7081 -309.921 
-60.6635 -310.03 
-60.6188 -310.134 
-60.5742 -310.235 
-60.5297 -310.331 
-60.4852 -310.422 
-60.4408 -310.51 
-60.3964 -310.593 
-60.3521 -310.672 
-60.3078 -310.747 
-60.2636 -310.817 
-60.2195 -310.883 
-60.1754 -310.946 
-60.1313 -311.004 
-60.0874 -311.057 
-60.0434 -311.107 
-59.9996 -311.153 
-59.9558 -311.194 
-59.912 -311.232 
-59.8684 -311.265 
-59.8248 -311.294 
-59.7812 -311.319 
-59.7377 -311.341 
-59.6943 -311.358 
-59.651 -311.371 
-59.6077 -311.38 
-59.5644 -311.386 
-59.5213 -311.387 
-59.4782 -311.384 
-59.4352 -311.378 
-59.3922 -311.367 
-59.3494 -311.353 
-59.3066 -311.335 
-59.2638 -311.313 
-59.2211 -311.287 
-59.1786 -311.257 
-59.136 -311.224 
-59.0936 -311.187 
-59.0512 -311.146 
-59.0089 -311.101 
-58.9667 -311.052 
-58.9245 -311 
-58.8825 -310.944 
-58.8405 -310.884 
-58.7986 -310.821 
-58.7567 -310.754 
-58.715 -310.683 
-58.6733 -310.609 
-58.6317 -310.531 
-58.5902 -310.449 
-58.5487 -310.364 
-58.5074 -310.276 
-58.4661 -310.183 
-58.4249 -310.088 
-58.3838 -309.988 
-58.3427 -309.886 
-58.3018 -309.779 
-58.2609 -309.67 
-58.2201 -309.556 
-58.1795 -309.44 
-58.1389 -309.32 
-58.0983 -309.196 
-58.0579 -309.069 
-58.0176 -308.939 
-57.9773 -308.806 
-57.9371 -308.669 
-57.8971 -308.529 
-57.8571 -308.385 
-57.8172 -308.238 
-57.7773 -308.088 
-57.7376 -307.935 
-57.698 -307.778 
-57.6585 -307.618 
-57.619 -307.455 
-57.5797 -307.289 
-57.5404 -307.119 
-57.5012 -306.947 
-57.4622 -306.771 
-57.4232 -306.592 
-57.3843 -306.41 
-57.3455 -306.225 
-57.3068 -306.037 
-57.2682 -305.845 
-57.2297 -305.651 
-57.1913 -305.454 
-57.153 -305.253 
-57.1148 -305.05 
-57.0767 -304.844 
-57.0387 -304.634 
-57.0007 -304.422 
-56.9629 -304.207 
-56.9252 -303.988 
-56.8876 -303.767 
-56.8501 -303.543 
-56.8126 -303.317 
-56.7753 -303.087 
-56.7381 -302.854 
-56.701 -302.619 
-56.664 -302.381 
-56.6271 -302.14 
-56.5902 -301.896 
-56.5535 -301.65 
-56.5169 -301.4 
-56.4804 -301.148 
-56.444 -300.894 
-56.4077 -300.636 
-56.3715 -300.376 
-56.3355 -300.113 
-56.2995 -299.848 
-56.2636 -299.58 
-56.2278 -299.309 
-56.1922 -299.036 
-56.1566 -298.76 
-56.1211 -298.482 
-56.0858 -298.201 
-56.0505 -297.917 
-56.0154 -297.631 
-55.9804 -297.342 
-55.9455 -297.051 
-55.9106 -296.758 
-55.8759 -296.462 
-55.8413 -296.163 
-55.8068 -295.863 
-55.7725 -295.559 
-55.7382 -295.254 
-55.704 -294.945 
-55.67 -294.635 
-55.636 -294.322 
-55.6022 -294.007 
-55.5684 -293.69 
-55.5348 -293.37 
-55.5013 -293.048 
-55.4679 -292.724 
-55.4346 -292.397 
-55.4014 -292.068 
-55.3683 -291.737 
-55.3354 -291.404 
-55.3025 -291.068 
-55.2698 -290.731 
-55.2371 -290.391 
-55.2046 -290.049 
-55.1722 -289.705 
-55.1399 -289.359 
-55.1077 -289.01 
-55.0756 -288.66 
-55.0436 -288.307 
-55.0118 -287.953 
-54.98 -287.596 
-54.9484 -287.238 
-54.9169 -286.877 
-54.8854 -286.514 
-54.8541 -286.15 
-54.8229 -285.783 
-54.7918 -285.414 
-54.7609 -285.044 
-54.73 -284.671 
-54.6992 -284.297 
-54.6686 -283.921 
-54.638 -283.543 
-54.6076 -283.163 
-54.5773 -282.781 
-54.5471 -282.397 
-54.517 -282.012 
-54.487 -281.624 
-54.4571 -281.235 
-54.4273 -280.844 
-54.3977 -280.452 
-54.3681 -280.057 
-54.3387 -279.661 
-54.3093 -279.263 
-54.2801 -278.863 
-54.251 -278.462 
-54.2219 -278.059 
-54.193 -277.655 
-54.1642 -277.248 
-54.1355 -276.84 
-54.1069 -276.431 
-54.0784 -276.019 
-54.0501 -275.607 
-54.0218 -275.192 
-53.9936 -274.776 
-53.9655 -274.359 
-53.9376 -273.94 
-53.9097 -273.519 
-53.882 -273.097 
-53.8543 -272.673 
-53.8268 -272.248 
-53.7993 -271.821 
-53.772 -271.393 
-53.7447 -270.964 
-53.7176 -270.533 
-53.6905 -270.1 
-53.6636 -269.666 
-53.6367 -269.231 
-53.61 -268.794 
-53.5833 -268.356 
-53.5568 -267.917 
-53.5303 -267.476 
-53.5039 -267.034 
-53.4776 -266.591 
-53.4515 -266.146 
-53.4254 -265.7 
-53.3994 -265.252 
-53.3735 -264.804 
-53.3477 -264.354 
-53.3219 -263.902 
-53.2963 -263.45 
-53.2708 -262.996 
-53.2453 -262.541 
-53.2199 -262.085 
-53.1946 -261.628 
-53.1694 -261.169 
-53.1443 -260.709 
-53.1193 -260.248 
-53.0943 -259.786 
-53.0694 -259.323 
-53.0446 -258.858 
-53.0199 -258.393 
-52.9953 -257.926 
-52.9707 -257.458 
-52.9462 -256.989 
-52.9218 -256.519 
-52.8974 -256.048 
-52.8731 -255.576 
-52.8489 -255.103 
-52.8248 -254.628 
-52.8007 -254.153 
-52.7767 -253.677 
-52.7528 -253.199 
-52.7289 -252.721 
-52.705 -252.241 
-52.6813 -251.761 
-52.6576 -251.279 
-52.6339 -250.796 
-52.6103 -250.313 
-52.5867 -249.828 
-52.5632 -249.343 
-52.5398 -248.856 
-52.5164 -248.369 
-52.493 -247.881 
-52.4697 -247.391 
-52.4464 -246.901 
-52.4231 -246.41 
-52.3999 -245.918 
-52.3767 -245.424 
-52.3536 -244.93 
-52.3304 -244.436 
-52.3073 -243.94 
-52.2843 -243.443 
-52.2612 -242.945 
-52.2382 -242.447 
-52.2151 -241.947 
-52.1921 -241.447 
-52.1691 -240.946 
-52.1461 -240.444 
-52.1231 -239.941 
-52.1001 -239.437 
-52.0771 -238.932 
-52.0541 -238.426 
-52.031 -237.92 
-52.008 -237.412 
-51.9849 -236.904 
-51.9618 -236.395 
-51.9387 -235.885 
-51.9156 -235.374 
-51.8924 -234.862 
-51.8691 -234.35 
-51.8459 -233.836 
-51.8225 -233.322 
-51.7991 -232.806 
-51.7757 -232.29 
-51.7522 -231.773 
-51.7286 -231.255 
-51.7049 -230.736 
-51.6811 -230.216 
-51.6573 -229.696 
-51.6333 -229.174 
-51.6092 -228.652 
-51.585 -228.128 
-51.5607 -227.604 
-51.5363 -227.078 
-51.5117 -226.552 
-51.4869 -226.025 
-51.462 -225.496 
-51.437 -224.967 
-51.4117 -224.437 
-51.3862 -223.906 
-51.3606 -223.373 
-51.3347 -222.84 
-51.3086 -222.305 
-51.2822 -221.77 
-51.2556 -221.233 
-51.2287 -220.695 
-51.2015 -220.157 
-51.1739 -219.616 
-51.1461 -219.075 
-51.1179 -218.533 
-51.0893 -217.989 
-51.0603 -217.444 
-51.0308 -216.897 
-51.0009 -216.349 
-50.9705 -215.8 
-50.9396 -215.25 
-50.9082 -214.697 
-50.8761 -214.144 
-50.8434 -213.588 
-50.81 -213.032 
-50.7759 -212.473 
-50.741 -211.913 
-50.7052 -211.35 
-50.6685 -210.786 
-50.6309 -210.22 
-50.5921 -209.652 
-50.5522 -209.082 
-50.511 -208.509 
-50.4685 -207.934 
-50.4244 -207.357 
-50.3786 -206.777 
-50.331 -206.194 
-50.2814 -205.609 
-50.2296 -205.02 
-50.1752 -204.428 
-50.118 -203.832 
-50.0575 -203.233 
-49.9935 -202.629 
-49.9252 -202.021 
-49.8521 -201.409 
-49.7734 -200.791 
-49.688 -200.167 
-49.5945 -199.538 
-49.4912 -198.901 
-49.3757 -198.256 
-49.2447 -197.603 
-49.093 -196.939 
-48.9132 -196.263 
-48.6928 -195.572 
-48.4089 -194.863 
-48.0148 -194.129 
-47.3913 -193.362 
-46.0971 -192.539 
-40.174 -191.601 
-60.4099 248.113 
-60.4698 246.688 
-60.5293 245.26 
-60.5885 243.83 
-60.6473 242.398 
-60.7057 240.965 
-60.7638 239.529 
-60.8216 238.092 
-60.8789 236.653 
-60.936 235.212 
-60.9926 233.769 
-61.0489 232.325 
-61.1049 230.879 
-61.1604 229.431 
-61.2157 227.982 
-61.2705 226.531 
-61.325 225.079 
-61.3792 223.626 
-61.433 222.171 
-61.4864 220.714 
-61.5395 219.256 
-61.5922 217.797 
-61.6446 216.337 
-61.6966 214.875 
-61.7483 213.412 
-61.7996 211.948 
-61.8505 210.483 
-61.9011 209.017 
-61.9514 207.549 
-62.0013 206.081 
-62.0508 204.611 
-62.1 203.141 
-62.1488 201.67 
-62.1973 200.198 
-62.2454 198.724 
-62.2932 197.251 
-62.3406 195.776 
-62.3877 194.3 
-62.4344 192.824 
-62.4808 191.347 
-62.5269 189.87 
-62.5725 188.391 
-62.6179 186.913 
-62.6629 185.433 
-62.7075 183.953 
-62.7518 182.473 
-62.7957 180.992 
-62.8394 179.511 
-62.8826 178.029 
-62.9255 176.547 
-62.9681 175.064 
-63.0103 173.582 
-63.0522 172.099 
-63.0937 170.616 
-63.1349 169.132 
-63.1758 167.648 
-63.2163 166.165 
-63.2565 164.681 
-63.2963 163.197 
-63.3358 161.713 
-63.3749 160.229 
-63.4137 158.745 
-63.4522 157.261 
-63.4904 155.777 
-63.5282 154.293 
-63.5656 152.81 
-63.6028 151.326 
-63.6395 149.843 
-63.676 148.36 
-63.7121 146.877 
-63.7479 145.394 
-63.7834 143.912 
-63.8185 142.43 
-63.8533 140.949 
-63.8877 139.467 
-63.9219 137.987 
-63.9557 136.507 
-63.9891 135.027 
-64.0223 133.548 
-64.0551 132.069 
-64.0876 130.591 
-64.1197 129.113 
-64.1516 127.637 
-64.1831 126.16 
-64.2143 124.685 
-64.2451 123.21 
-64.2757 121.736 
-64.3059 120.263 
-64.3357 118.79 
-64.3653 117.318 
-64.3945 115.848 
-64.4235 114.378 
-64.4521 112.909 
-64.4804 111.441 
-64.5083 109.974 
-64.536 108.507 
-64.5633 107.042 
-64.5903 105.578 
-64.617 104.115 
-64.6434 102.653 
-64.6694 101.193 
-64.6952 99.7329 
-64.7206 98.2744 
-64.7458 96.8171 
-64.7706 95.361 
-64.7951 93.9062 
-64.8193 92.4527 
-64.8432 91.0005 
-64.8668 89.5496 
-64.89 88.1 
-64.913 86.6518 
-64.9356 85.205 
-64.958 83.7596 
-64.98 82.3157 
-65.0018 80.8733 
-65.0232 79.4323 
-65.0443 77.9929 
-65.0652 76.555 
-65.0857 75.1186 
-65.1059 73.6839 
-65.1259 72.2508 
-65.1455 70.8193 
-65.1648 69.3895 
-65.1839 67.9613 
-65.2026 66.5349 
-65.2211 65.1102 
-65.2392 63.6872 
-65.2571 62.2661 
-65.2746 60.8467 
-65.2919 59.4291 
-65.3089 58.0134 
-65.3256 56.5996 
-65.342 55.1876 
-65.3581 53.7775 
-65.3739 52.3694 
-65.3894 50.9632 
-65.4047 49.559 
-65.4196 48.1568 
-65.4343 46.7566 
-65.4487 45.3585 
-65.4628 43.9624 
-65.4766 42.5684 
-65.4902 41.1764 
-65.5034 39.7866 
-65.5164 38.399 
-65.5291 37.0135 
-65.5415 35.6302 
-65.5537 34.2491 
-65.5655 32.8702 
-65.5771 31.4935 
-65.5884 30.1191 
-65.5995 28.747 
-65.6102 27.3772 
-65.6207 26.0097 
-65.631 24.6445 
-65.6409 23.2817 
-65.6506 21.9213 
-65.66 20.5633 
-65.6692 19.2077 
-65.678 17.8545 
-65.6866 16.5038 
-65.695 15.1555 
-65.7031 13.8098 
-65.7109 12.4665 
-65.7184 11.1257 
-65.7257 9.78754 
-65.7328 8.4519 
-65.7395 7.11884 
-65.746 5.78837 
-65.7523 4.46051 
-65.7583 3.13528 
-65.764 1.8127 
-65.7695 0.492782 
-65.7747 -0.824458 
-65.7797 -2.139 
-65.7844 -3.45083 
-65.7889 -4.75993 
-65.7931 -6.06628 
-65.7971 -7.36987 
-65.8008 -8.67069 
-65.8043 -9.9687 
-65.8075 -11.2639 
-65.8105 -12.5563 
-65.8132 -13.8458 
-65.8157 -15.1325 
-65.8179 -16.4163 
-65.8199 -17.6972 
-65.8217 -18.9753 
-65.8232 -20.2504 
-65.8245 -21.5225 
-65.8255 -22.7917 
-65.8263 -24.058 
-65.8268 -25.3213 
-65.8272 -26.5816 
-65.8273 -27.8388 
-65.8271 -29.0931 
-65.8267 -30.3443 
-65.8261 -31.5925 
-65.8253 -32.8376 
-65.8242 -34.0796 
-65.8229 -35.3186 
-65.8213 -36.5544 
-65.8196 -37.7872 
-65.8176 -39.0168 
-65.8154 -40.2432 
-65.8129 -41.4665 
-65.8102 -42.6866 
-65.8074 -43.9036 
-65.8042 -45.1174 
-65.8009 -46.3279 
-65.7973 -47.5352 
-65.7936 -48.7393 
-65.7896 -49.9402 
-65.7854 -51.1378 
-65.7809 -52.3321 
-65.7763 -53.5232 
-65.7714 -54.7109 
-65.7663 -55.8954 
-65.7611 -57.0765 
-65.7556 -58.2543 
-65.7498 -59.4288 
-65.7439 -60.5999 
-65.7378 -61.7677 
-65.7315 -62.9321 
-65.7249 -64.0931 
-65.7182 -65.2507 
-65.7112 -66.405 
-65.704 -67.5558 
-65.6967 -68.7032 
-65.6891 -69.8471 
-65.6813 -70.9876 
-65.6734 -72.1247 
-65.6652 -73.2583 
-65.6568 -74.3884 
-65.6483 -75.515 
-65.6395 -76.6382 
-65.6306 -77.7578 
-65.6214 -78.8739 
-65.6121 -79.9865 
-65.6025 -81.0956 
-65.5928 -82.2012 
-65.5829 -83.3031 
-65.5728 -84.4016 
-65.5625 -85.4964 
-65.552 -86.5877 
-65.5413 -87.6754 
-65.5304 -88.7596 
-65.5194 -89.8401 
-65.5082 -90.917 
-65.4967 -91.9903 
-65.4852 -93.06 
-65.4734 -94.126 
-65.4614 -95.1884 
-65.4493 -96.2471 
-65.437 -97.3022 
-65.4245 -98.3537 
-65.4118 -99.4014 
-65.399 -100.446 
-65.3859 -101.486 
-65.3727 -102.523 
-65.3594 -103.556 
-65.3458 -104.585 
-65.3321 -105.611 
-65.3183 -106.632 
-65.3042 -107.651 
-65.29 -108.665 
-65.2756 -109.676 
-65.2611 -110.683 
-65.2464 -111.686 
-65.2315 -112.685 
-65.2165 -113.681 
-65.2013 -114.673 
-65.1859 -115.661 
-65.1704 -116.645 
-65.1547 -117.626 
-65.1389 -118.603 
-65.1229 -119.576 
-65.1067 -120.545 
-65.0904 -121.51 
-65.074 -122.472 
-65.0573 -123.43 
-65.0406 -124.384 
-65.0237 -125.334 
-65.0066 -126.28 
-64.9894 -127.223 
-64.972 -128.161 
-64.9545 -129.096 
-64.9368 -130.027 
-64.919 -130.954 
-64.9011 -131.877 
-64.883 -132.797 
-64.8647 -133.712 
-64.8463 -134.624 
-64.8278 -135.532 
-64.8092 -136.436 
-64.7904 -137.336 
-64.7714 -138.232 
-64.7523 -139.124 
-64.7331 -140.013 
-64.7138 -140.897 
-64.6943 -141.778 
-64.6747 -142.654 
-64.6549 -143.527 
-64.6351 -144.396 
-64.615 -145.261 
-64.5949 -146.122 
-64.5746 -146.979 
-64.5542 -147.833 
-64.5337 -148.682 
-64.5131 -149.528 
-64.4923 -150.369 
-64.4714 -151.207 
-64.4504 -152.041 
-64.4292 -152.87 
-64.408 -153.696 
-64.3866 -154.518 
-64.3651 -155.336 
-64.3434 -156.15 
-64.3217 -156.96 
-64.2998 -157.767 
-64.2779 -158.569 
-64.2558 -159.367 
-64.2336 -160.162 
-64.2112 -160.952 
-64.1888 -161.739 
-64.1663 -162.522 
-64.1436 -163.3 
-64.1208 -164.075 
-64.098 -164.846 
-64.075 -165.613 
-64.0519 -166.376 
-64.0287 -167.135 
-64.0054 -167.89 
-63.982 -168.641 
-63.9585 -169.388 
-63.9349 -170.131 
-63.9112 -170.871 
-63.8874 -171.606 
-63.8635 -172.338 
-63.8395 -173.065 
-63.8154 -173.789 
-63.7912 -174.508 
-63.7669 -175.224 
-63.7425 -175.936 
-63.718 -176.644 
-63.6935 -177.347 
-63.6688 -178.047 
-63.644 -178.743 
-63.6192 -179.435 
-63.5942 -180.124 
-63.5692 -180.808 
-63.5441 -181.488 
-63.5189 -182.165 
-63.4936 -182.837 
-63.4682 -183.506 
-63.4427 -184.17 
-63.4172 -184.831 
-63.3916 -185.488 
-63.3658 -186.141 
-63.34 -186.79 
-63.3142 -187.435 
-63.2882 -188.076 
-63.2622 -188.713 
-63.2361 -189.346 
-63.2099 -189.976 
-63.1836 -190.601 
-63.1573 -191.223 
-63.1309 -191.841 
-63.1044 -192.455 
-63.0778 -193.064 
-63.0512 -193.671 
-63.0245 -194.273 
-62.9977 -194.871 
-62.9709 -195.465 
-62.944 -196.056 
-62.917 -196.643 
-62.89 -197.226 
-62.8629 -197.805 
-62.8357 -198.38 
-62.8084 -198.951 
-62.7811 -199.518 
-62.7538 -200.082 
-62.7263 -200.641 
-62.6989 -201.197 
-62.6713 -201.749 
-62.6437 -202.297 
-62.616 -202.842 
-62.5883 -203.382 
-62.5605 -203.919 
-62.5327 -204.452 
-62.5048 -204.981 
-62.4768 -205.506 
-62.4488 -206.027 
-62.4208 -206.545 
-62.3927 -207.059 
-62.3645 -207.569 
-62.3363 -208.075 
-62.3081 -208.577 
-62.2797 -209.076 
-62.2514 -209.571 
-62.223 -210.062 
-62.1945 -210.549 
-62.166 -211.033 
-62.1375 -211.513 
-62.1089 -211.989 
-62.0803 -212.461 
-62.0516 -212.93 
-62.0229 -213.395 
-61.9941 -213.856 
-61.9653 -214.313 
-61.9365 -214.767 
-61.9076 -215.217 
-61.8787 -215.663 
-61.8498 -216.105 
-61.8208 -216.544 
-61.7917 -216.979 
-61.7627 -217.411 
-61.7336 -217.838 
-61.7045 -218.262 
-61.6753 -218.683 
-61.6461 -219.1 
-61.6169 -219.513 
-61.5876 -219.922 
-61.5583 -220.328 
-61.529 -220.73 
-61.4997 -221.128 
-61.4703 -221.523 
-61.4409 -221.914 
-61.4115 -222.302 
-61.382 -222.686 
-61.3526 -223.066 
-61.3231 -223.443 
-61.2935 -223.816 
-61.264 -224.186 
-61.2344 -224.552 
-61.2048 -224.914 
-61.1752 -225.273 
-61.1456 -225.629 
-61.1159 -225.98 
-61.0863 -226.329 
-61.0566 -226.673 
-61.0269 -227.015 
-60.9971 -227.352 
-60.9674 -227.686 
-60.9376 -228.017 
-60.9079 -228.344 
-60.8781 -228.668 
-60.8483 -228.988 
-60.8185 -229.304 
-60.7887 -229.617 
-60.7588 -229.927 
-60.729 -230.233 
-60.6991 -230.536 
-60.6693 -230.835 
-60.6394 -231.131 
-60.6095 -231.424 
-60.5796 -231.713 
-60.5497 -231.998 
-60.5198 -232.281 
-60.4899 -232.559 
-60.46 -232.835 
-60.4301 -233.107 
-60.4002 -233.376 
-60.3703 -233.641 
-60.3404 -233.903 
-60.3104 -234.161 
-60.2805 -234.417 
-60.2506 -234.668 
-60.2207 -234.917 
-60.1907 -235.162 
-60.1608 -235.404 
-60.1309 -235.643 
-60.101 -235.878 
-60.0711 -236.11 
-60.0411 -236.339 
-60.0112 -236.564 
-59.9813 -236.786 
-59.9514 -237.005 
-59.9216 -237.221 
-59.8917 -237.433 
-59.8618 -237.643 
-59.8319 -237.849 
-59.8021 -238.051 
-59.7722 -238.251 
-59.7424 -238.447 
-59.7126 -238.641 
-59.6828 -238.831 
-59.6529 -239.017 
-59.6232 -239.201 
-59.5934 -239.382 
-59.5636 -239.559 
-59.5339 -239.733 
-59.5041 -239.904 
-59.4744 -240.072 
-59.4447 -240.237 
-59.415 -240.399 
-59.3853 -240.558 
-59.3557 -240.713 
-59.326 -240.866 
-59.2964 -241.015 
-59.2668 -241.162 
-59.2372 -241.305 
-59.2077 -241.445 
-59.1781 -241.583 
-59.1486 -241.717 
-59.1191 -241.848 
-59.0896 -241.977 
-59.0602 -242.102 
-59.0307 -242.224 
-59.0013 -242.343 
-58.9719 -242.46 
-58.9426 -242.573 
-58.9132 -242.684 
-58.8839 -242.791 
-58.8547 -242.896 
-58.8254 -242.997 
-58.7962 -243.096 
-58.767 -243.192 
-58.7378 -243.285 
-58.7087 -243.375 
-58.6795 -243.462 
-58.6505 -243.547 
-58.6214 -243.628 
-58.5924 -243.707 
-58.5634 -243.783 
-58.5344 -243.856 
-58.5055 -243.926 
-58.4766 -243.994 
-58.4477 -244.058 
-58.4189 -244.12 
-58.3901 -244.179 
-58.3614 -244.235 
-58.3326 -244.289 
-58.3039 -244.34 
-58.2753 -244.388 
-58.2467 -244.433 
-58.2181 -244.476 
-58.1895 -244.516 
-58.161 -244.553 
-58.1325 -244.588 
-58.1041 -244.619 
-58.0757 -244.649 
-58.0474 -244.675 
-58.0191 -244.699 
-57.9908 -244.72 
-57.9625 -244.739 
-57.9343 -244.755 
-57.9062 -244.769 
-57.8781 -244.779 
-57.85 -244.788 
-57.822 -244.793 
-57.794 -244.796 
-57.7661 -244.797 
-57.7382 -244.795 
-57.7103 -244.791 
-57.6825 -244.783 
-57.6548 -244.774 
-57.627 -244.762 
-57.5994 -244.747 
-57.5718 -244.73 
-57.5442 -244.711 
-57.5167 -244.689 
-57.4892 -244.664 
-57.4617 -244.638 
-57.4343 -244.608 
-57.407 -244.577 
-57.3797 -244.542 
-57.3525 -244.506 
-57.3253 -244.467 
-57.2981 -244.426 
-57.2711 -244.382 
-57.244 -244.336 
-57.217 -244.288 
-57.1901 -244.237 
-57.1632 -244.184 
-57.1364 -244.128 
-57.1096 -244.071 
-57.0829 -244.011 
-57.0562 -243.948 
-57.0296 -243.884 
-57.003 -243.817 
-56.9765 -243.748 
-56.95 -243.677 
-56.9236 -243.603 
-56.8973 -243.527 
-56.871 -243.449 
-56.8447 -243.369 
-56.8185 -243.287 
-56.7924 -243.202 
-56.7663 -243.115 
-56.7403 -243.027 
-56.7144 -242.935 
-56.6885 -242.842 
-56.6626 -242.747 
-56.6368 -242.649 
-56.6111 -242.55 
-56.5854 -242.448 
-56.5598 -242.344 
-56.5343 -242.238 
-56.5088 -242.131 
-56.4833 -242.021 
-56.458 -241.909 
-56.4327 -241.794 
-56.4074 -241.678 
-56.3822 -241.56 
-56.3571 -241.44 
-56.332 -241.318 
-56.307 -241.194 
-56.2821 -241.068 
-56.2572 -240.94 
-56.2324 -240.81 
-56.2076 -240.678 
-56.1829 -240.544 
-56.1583 -240.408 
-56.1337 -240.27 
-56.1092 -240.13 
-56.0847 -239.989 
-56.0604 -239.846 
-56.036 -239.7 
-56.0118 -239.553 
-55.9876 -239.404 
-55.9635 -239.253 
-55.9394 -239.1 
-55.9154 -238.946 
-55.8915 -238.79 
-55.8676 -238.632 
-55.8438 -238.472 
-55.8201 -238.31 
-55.7964 -238.146 
-55.7728 -237.981 
-55.7493 -237.814 
-55.7258 -237.645 
-55.7024 -237.475 
-55.6791 -237.303 
-55.6558 -237.129 
-55.6326 -236.953 
-55.6095 -236.776 
-55.5864 -236.597 
-55.5634 -236.417 
-55.5405 -236.234 
-55.5176 -236.05 
-55.4949 -235.865 
-55.4721 -235.678 
-55.4495 -235.489 
-55.4269 -235.298 
-55.4044 -235.106 
-55.3819 -234.913 
-55.3595 -234.718 
-55.3372 -234.521 
-55.315 -234.323 
-55.2928 -234.123 
-55.2707 -233.921 
-55.2486 -233.719 
-55.2267 -233.514 
-55.2048 -233.308 
-55.1829 -233.101 
-55.1612 -232.892 
-55.1395 -232.681 
-55.1179 -232.47 
-55.0963 -232.256 
-55.0749 -232.041 
-55.0534 -231.825 
-55.0321 -231.608 
-55.0108 -231.389 
-54.9896 -231.168 
-54.9685 -230.946 
-54.9475 -230.723 
-54.9265 -230.498 
-54.9056 -230.272 
-54.8847 -230.045 
-54.8639 -229.816 
-54.8432 -229.586 
-54.8226 -229.355 
-54.802 -229.122 
-54.7815 -228.888 
-54.7611 -228.653 
-54.7408 -228.416 
-54.7205 -228.178 
-54.7003 -227.939 
-54.6802 -227.699 
-54.6601 -227.457 
-54.6401 -227.214 
-54.6202 -226.97 
-54.6003 -226.725 
-54.5805 -226.478 
-54.5608 -226.23 
-54.5412 -225.981 
-54.5216 -225.731 
-54.5021 -225.48 
-54.4827 -225.227 
-54.4633 -224.974 
-54.444 -224.719 
-54.4248 -224.463 
-54.4057 -224.206 
-54.3866 -223.947 
-54.3676 -223.688 
-54.3487 -223.428 
-54.3298 -223.166 
-54.311 -222.904 
-54.2923 -222.64 
-54.2737 -222.375 
-54.2551 -222.109 
-54.2366 -221.842 
-54.2181 -221.574 
-54.1998 -221.305 
-54.1815 -221.035 
-54.1632 -220.764 
-54.1451 -220.492 
-54.127 -220.219 
-54.109 -219.945 
-54.091 -219.67 
-54.0731 -219.394 
-54.0553 -219.117 
-54.0376 -218.84 
-54.0199 -218.561 
-54.0023 -218.281 
-53.9848 -218 
-53.9673 -217.719 
-53.9499 -217.436 
-53.9326 -217.153 
-53.9153 -216.869 
-53.8981 -216.583 
-53.881 -216.297 
-53.8639 -216.01 
-53.847 -215.723 
-53.83 -215.434 
-53.8132 -215.144 
-53.7964 -214.854 
-53.7797 -214.563 
-53.763 -214.271 
-53.7464 -213.978 
-53.7299 -213.684 
-53.7135 -213.39 
-53.6971 -213.095 
-53.6808 -212.799 
-53.6645 -212.502 
-53.6483 -212.205 
-53.6322 -211.906 
-53.6162 -211.607 
-53.6002 -211.308 
-53.5842 -211.007 
-53.5684 -210.706 
-53.5526 -210.404 
-53.5368 -210.101 
-53.5212 -209.798 
-53.5056 -209.494 
-53.49 -209.189 
-53.4746 -208.884 
-53.4591 -208.578 
-53.4438 -208.271 
-53.4285 -207.964 
-53.4133 -207.656 
-53.3981 -207.347 
-53.383 -207.037 
-53.368 -206.728 
-53.353 -206.417 
-53.3381 -206.106 
-53.3232 -205.794 
-53.3084 -205.481 
-53.2937 -205.168 
-53.279 -204.855 
-53.2644 -204.541 
-53.2499 -204.226 
-53.2354 -203.911 
-53.2209 -203.595 
-53.2066 -203.278 
-53.1922 -202.961 
-53.178 -202.644 
-53.1638 -202.326 
-53.1496 -202.007 
-53.1355 -201.688 
-53.1215 -201.369 
-53.1075 -201.048 
-53.0936 -200.728 
-53.0798 -200.407 
-53.066 -200.085 
-53.0522 -199.763 
-53.0385 -199.44 
-53.0249 -199.117 
-53.0113 -198.794 
-52.9978 -198.47 
-52.9843 -198.146 
-52.9709 -197.821 
-52.9575 -197.495 
-52.9442 -197.17 
-52.9309 -196.844 
-52.9177 -196.517 
-52.9046 -196.19 
-52.8915 -195.863 
-52.8784 -195.535 
-52.8654 -195.207 
-52.8524 -194.878 
-52.8395 -194.549 
-52.8267 -194.22 
-52.8139 -193.89 
-52.8011 -193.56 
-52.7884 -193.23 
-52.7757 -192.899 
-52.7631 -192.568 
-52.7506 -192.236 
-52.7381 -191.904 
-52.7256 -191.572 
-52.7132 -191.239 
-52.7008 -190.906 
-52.6884 -190.573 
-52.6762 -190.24 
-52.6639 -189.906 
-52.6517 -189.572 
-52.6396 -189.237 
-52.6275 -188.902 
-52.6154 -188.567 
-52.6034 -188.232 
-52.5914 -187.896 
-52.5794 -187.561 
-52.5675 -187.224 
-52.5557 -186.888 
-52.5438 -186.551 
-52.5321 -186.214 
-52.5203 -185.877 
-52.5086 -185.539 
-52.497 -185.202 
-52.4853 -184.864 
-52.4738 -184.525 
-52.4622 -184.187 
-52.4507 -183.848 
-52.4392 -183.509 
-52.4278 -183.17 
-52.4164 -182.83 
-52.405 -182.491 
-52.3937 -182.151 
-52.3824 -181.811 
-52.3711 -181.471 
-52.3598 -181.13 
-52.3486 -180.789 
-52.3375 -180.448 
-52.3263 -180.107 
-52.3152 -179.766 
-52.3041 -179.425 
-52.2931 -179.083 
-52.2821 -178.741 
-52.2711 -178.399 
-52.2601 -178.057 
-52.2491 -177.715 
-52.2382 -177.372 
-52.2273 -177.029 
-52.2165 -176.686 
-52.2056 -176.343 
-52.1948 -176 
-52.184 -175.657 
-52.1733 -175.313 
-52.1625 -174.97 
-52.1518 -174.626 
-52.1411 -174.282 
-52.1304 -173.938 
-52.1198 -173.593 
-52.1091 -173.249 
-52.0985 -172.905 
-52.0879 -172.56 
-52.0773 -172.215 
-52.0668 -171.87 
-52.0562 -171.525 
-52.0457 -171.18 
-52.0351 -170.835 
-52.0246 -170.489 
-52.0141 -170.144 
-52.0036 -169.798 
-51.9932 -169.452 
-51.9827 -169.106 
-51.9722 -168.76 
-51.9618 -168.414 
-51.9514 -168.068 
-51.9409 -167.721 
-51.9305 -167.375 
-51.9201 -167.028 
-51.9097 -166.681 
-51.8993 -166.334 
-51.8889 -165.987 
-51.8785 -165.64 
-51.8681 -165.293 
-51.8577 -164.946 
-51.8472 -164.598 
-51.8368 -164.251 
-51.8264 -163.903 
-51.816 -163.555 
-51.8056 -163.208 
-51.7952 -162.86 
-51.7848 -162.511 
-51.7743 -162.163 
-51.7639 -161.815 
-51.7534 -161.467 
-51.7429 -161.118 
-51.7324 -160.769 
-51.722 -160.421 
-51.7114 -160.072 
-51.7009 -159.723 
-51.6904 -159.374 
-51.6798 -159.024 
-51.6692 -158.675 
-51.6586 -158.326 
-51.648 -157.976 
-51.6373 -157.626 
-51.6266 -157.276 
-51.6159 -156.926 
-51.6051 -156.576 
-51.5944 -156.226 
-51.5835 -155.876 
-51.5727 -155.525 
-51.5618 -155.174 
-51.5509 -154.824 
-51.5399 -154.473 
-51.5289 -154.122 
-51.5179 -153.77 
-51.5068 -153.419 
-51.4956 -153.067 
-51.4844 -152.716 
-51.4732 -152.364 
-51.4619 -152.011 
-51.4505 -151.659 
-51.4391 -151.307 
-51.4276 -150.954 
-51.416 -150.601 
-51.4044 -150.248 
-51.3927 -149.895 
-51.3809 -149.541 
-51.369 -149.188 
-51.3571 -148.834 
-51.3451 -148.479 
-51.333 -148.125 
-51.3208 -147.77 
-51.3085 -147.415 
-51.2961 -147.06 
-51.2836 -146.705 
-51.271 -146.349 
-51.2583 -145.993 
-51.2454 -145.637 
-51.2325 -145.28 
-51.2194 -144.923 
-51.2062 -144.566 
-51.1928 -144.208 
-51.1793 -143.85 
-51.1657 -143.492 
-51.1519 -143.133 
-51.138 -142.774 
-51.1238 -142.414 
-51.1095 -142.055 
-51.0951 -141.694 
-51.0804 -141.333 
-51.0655 -140.972 
-51.0505 -140.61 
-51.0352 -140.248 
-51.0197 -139.885 
-51.0039 -139.522 
-50.9879 -139.158 
-50.9717 -138.793 
-50.9552 -138.428 
-50.9384 -138.063 
-50.9213 -137.696 
-50.9039 -137.329 
-50.8861 -136.962 
-50.8681 -136.593 
-50.8497 -136.224 
-50.8309 -135.854 
-50.8117 -135.483 
-50.792 -135.111 
-50.772 -134.739 
-50.7515 -134.365 
-50.7305 -133.991 
-50.709 -133.616 
-50.6869 -133.239 
-50.6642 -132.861 
-50.641 -132.483 
-50.6171 -132.103 
-50.5924 -131.721 
-50.5671 -131.339 
-50.5409 -130.955 
-50.5139 -130.57 
-50.486 -130.183 
-50.4571 -129.794 
-50.4271 -129.404 
-50.3961 -129.012 
-50.3637 -128.618 
-50.3301 -128.222 
-50.295 -127.824 
-50.2583 -127.424 
-50.2198 -127.021 
-50.1795 -126.616 
-50.137 -126.208 
-50.0922 -125.797 
-50.0448 -125.384 
-49.9944 -124.966 
-49.9407 -124.546 
-49.8833 -124.121 
-49.8215 -123.692 
-49.7547 -123.259 
-49.682 -122.821 
-49.6023 -122.377 
-49.5143 -121.926 
-49.4161 -121.469 
-49.3051 -121.004 
-49.1776 -120.53 
-49.0285 -120.046 
-48.8494 -119.549 
-48.6265 -119.037 
-48.3344 -118.506 
-47.919 -117.95 
-47.2357 -117.357 
-45.6964 -116.704 
-36.2208 -115.912 
-60.4244 323.602 
-60.4983 321.993 
-60.5719 320.381 
-60.645 318.767 
-60.7177 317.149 
-60.79 315.529 
-60.8619 313.907 
-60.9333 312.281 
-61.0043 310.653 
-61.075 309.023 
-61.1452 307.39 
-61.215 305.754 
-61.2843 304.116 
-61.3533 302.476 
-61.4219 300.833 
-61.49 299.188 
-61.5577 297.541 
-61.625 295.892 
-61.6919 294.24 
-61.7584 292.587 
-61.8244 290.931 
-61.8901 289.273 
-61.9553 287.614 
-62.0201 285.952 
-62.0845 284.289 
-62.1485 282.623 
-62.2121 280.956 
-62.2753 279.287 
-62.3381 277.616 
-62.4004 275.944 
-62.4624 274.27 
-62.5239 272.594 
-62.585 270.917 
-62.6457 269.239 
-62.706 267.558 
-62.7659 265.877 
-62.8254 264.194 
-62.8845 262.509 
-62.9432 260.824 
-63.0014 259.137 
-63.0593 257.448 
-63.1167 255.759 
-63.1738 254.068 
-63.2304 252.377 
-63.2866 250.684 
-63.3425 248.99 
-63.3979 247.295 
-63.4529 245.599 
-63.5075 243.903 
-63.5617 242.205 
-63.6156 240.507 
-63.669 238.807 
-63.722 237.107 
-63.7746 235.407 
-63.8268 233.705 
-63.8786 232.003 
-63.93 230.3 
-63.981 228.597 
-64.0316 226.893 
-64.0818 225.189 
-64.1317 223.484 
-64.1811 221.779 
-64.2301 220.073 
-64.2787 218.367 
-64.327 216.661 
-64.3748 214.954 
-64.4222 213.247 
-64.4693 211.54 
-64.5159 209.833 
-64.5622 208.126 
-64.6081 206.418 
-64.6536 204.711 
-64.6987 203.003 
-64.7434 201.296 
-64.7877 199.588 
-64.8316 197.881 
-64.8751 196.174 
-64.9183 194.467 
-64.961 192.76 
-65.0034 191.053 
-65.0454 189.346 
-65.087 187.64 
-65.1282 185.934 
-65.1691 184.229 
-65.2095 182.524 
-65.2496 180.819 
-65.2893 179.115 
-65.3286 177.411 
-65.3675 175.708 
-65.4061 174.005 
-65.4443 172.303 
-65.4821 170.602 
-65.5195 168.901 
-65.5565 167.201 
-65.5932 165.502 
-65.6295 163.803 
-65.6654 162.105 
-65.7009 160.408 
-65.7361 158.712 
-65.7709 157.017 
-65.8053 155.322 
-65.8394 153.629 
-65.8731 151.936 
-65.9064 150.245 
-65.9394 148.555 
-65.9719 146.865 
-66.0042 145.177 
-66.036 143.49 
-66.0675 141.804 
-66.0986 140.12 
-66.1294 138.436 
-66.1598 136.754 
-66.1898 135.073 
-66.2195 133.393 
-66.2488 131.715 
-66.2777 130.038 
-66.3063 128.363 
-66.3346 126.688 
-66.3624 125.016 
-66.39 123.345 
-66.4171 121.675 
-66.4439 120.007 
-66.4704 118.341 
-66.4965 116.676 
-66.5223 115.013 
-66.5477 113.351 
-66.5727 111.691 
-66.5974 110.033 
-66.6218 108.377 
-66.6458 106.722 
-66.6694 105.069 
-66.6928 103.418 
-66.7157 101.769 
-66.7384 100.122 
-66.7607 98.4762 
-66.7826 96.8328 
-66.8042 95.1913 
-66.8254 93.5518 
-66.8464 91.9143 
-66.867 90.2789 
-66.8872 88.6455 
-66.9071 87.0142 
-66.9267 85.3851 
-66.9459 83.758 
-66.9648 82.1332 
-66.9834 80.5105 
-67.0016 78.8901 
-67.0195 77.2719 
-67.0371 75.6559 
-67.0544 74.0423 
-67.0713 72.431 
-67.0879 70.822 
-67.1041 69.2154 
-67.1201 67.6111 
-67.1357 66.0093 
-67.151 64.41 
-67.166 62.813 
-67.1806 61.2186 
-67.1949 59.6267 
-67.2089 58.0373 
-67.2226 56.4504 
-67.236 54.8662 
-67.2491 53.2845 
-67.2618 51.7054 
-67.2742 50.129 
-67.2863 48.5553 
-67.2981 46.9842 
-67.3096 45.4159 
-67.3208 43.8503 
-67.3316 42.2874 
-67.3422 40.7274 
-67.3525 39.1701 
-67.3624 37.6156 
-67.372 36.064 
-67.3814 34.5152 
-67.3904 32.9693 
-67.3991 31.4263 
-67.4075 29.8863 
-67.4157 28.3492 
-67.4235 26.815 
-67.431 25.2838 
-67.4382 23.7556 
-67.4452 22.2305 
-67.4518 20.7084 
-67.4582 19.1893 
-67.4642 17.6734 
-67.47 16.1605 
-67.4754 14.6508 
-67.4806 13.1442 
-67.4855 11.6407 
-67.4901 10.1405 
-67.4944 8.64338 
-67.4984 7.14952 
-67.5021 5.6589 
-67.5056 4.17152 
-67.5088 2.6874 
-67.5117 1.20658 
-67.5143 -0.270942 
-67.5166 -1.74514 
-67.5186 -3.216 
-67.5204 -4.68351 
-67.5219 -6.14764 
-67.5231 -7.60839 
-67.5241 -9.06572 
-67.5247 -10.5196 
-67.5251 -11.9701 
-67.5253 -13.4171 
-67.5251 -14.8607 
-67.5247 -16.3007 
-67.524 -17.7373 
-67.5231 -19.1703 
-67.5219 -20.5998 
-67.5204 -22.0257 
-67.5187 -23.4481 
-67.5167 -24.8668 
-67.5144 -26.282 
-67.5119 -27.6936 
-67.5091 -29.1015 
-67.506 -30.5058 
-67.5027 -31.9064 
-67.4992 -33.3034 
-67.4954 -34.6967 
-67.4913 -36.0862 
-67.487 -37.4721 
-67.4824 -38.8542 
-67.4776 -40.2326 
-67.4725 -41.6072 
-67.4672 -42.9781 
-67.4617 -44.3451 
-67.4558 -45.7084 
-67.4498 -47.0678 
-67.4435 -48.4234 
-67.4369 -49.7752 
-67.4302 -51.1232 
-67.4231 -52.4672 
-67.4159 -53.8074 
-67.4084 -55.1437 
-67.4006 -56.4761 
-67.3926 -57.8046 
-67.3844 -59.1292 
-67.376 -60.4498 
-67.3673 -61.7665 
-67.3584 -63.0792 
-67.3492 -64.3879 
-67.3399 -65.6927 
-67.3303 -66.9935 
-67.3204 -68.2902 
-67.3104 -69.5829 
-67.3001 -70.8717 
-67.2896 -72.1563 
-67.2789 -73.4369 
-67.2679 -74.7135 
-67.2567 -75.986 
-67.2454 -77.2544 
-67.2337 -78.5187 
-67.2219 -79.7789 
-67.2099 -81.035 
-67.1976 -82.287 
-67.1851 -83.5348 
-67.1725 -84.7785 
-67.1596 -86.0181 
-67.1464 -87.2535 
-67.1331 -88.4847 
-67.1196 -89.7118 
-67.1059 -90.9346 
-67.0919 -92.1533 
-67.0778 -93.3678 
-67.0634 -94.578 
-67.0489 -95.784 
-67.0341 -96.9858 
-67.0192 -98.1834 
-67.004 -99.3767 
-66.9886 -100.566 
-66.9731 -101.751 
-66.9573 -102.931 
-66.9414 -104.107 
-66.9253 -105.279 
-66.9089 -106.447 
-66.8924 -107.61 
-66.8757 -108.77 
-66.8588 -109.924 
-66.8417 -111.075 
-66.8244 -112.221 
-66.8069 -113.363 
-66.7893 -114.5 
-66.7715 -115.633 
-66.7534 -116.762 
-66.7352 -117.886 
-66.7168 -119.006 
-66.6983 -120.122 
-66.6795 -121.233 
-66.6606 -122.34 
-66.6415 -123.443 
-66.6222 -124.541 
-66.6028 -125.634 
-66.5832 -126.724 
-66.5634 -127.809 
-66.5434 -128.889 
-66.5233 -129.965 
-66.503 -131.037 
-66.4825 -132.104 
-66.4619 -133.167 
-66.4411 -134.225 
-66.4201 -135.279 
-66.399 -136.329 
-66.3777 -137.374 
-66.3562 -138.414 
-66.3346 -139.45 
-66.3128 -140.482 
-66.2909 -141.509 
-66.2688 -142.532 
-66.2466 -143.55 
-66.2242 -144.564 
-66.2016 -145.573 
-66.1789 -146.578 
-66.1561 -147.578 
-66.133 -148.574 
-66.1099 -149.565 
-66.0866 -150.552 
-66.0631 -151.534 
-66.0395 -152.512 
-66.0158 -153.485 
-65.9919 -154.454 
-65.9679 -155.418 
-65.9437 -156.378 
-65.9194 -157.333 
-65.8949 -158.284 
-65.8703 -159.23 
-65.8456 -160.172 
-65.8207 -161.109 
-65.7957 -162.042 
-65.7706 -162.97 
-65.7453 -163.894 
-65.7199 -164.813 
-65.6944 -165.728 
-65.6687 -166.638 
-65.6429 -167.543 
-65.617 -168.444 
-65.591 -169.341 
-65.5648 -170.233 
-65.5385 -171.12 
-65.5121 -172.003 
-65.4855 -172.881 
-65.4588 -173.755 
-65.4321 -174.624 
-65.4051 -175.489 
-65.3781 -176.349 
-65.351 -177.205 
-65.3237 -178.056 
-65.2963 -178.903 
-65.2688 -179.745 
-65.2412 -180.582 
-65.2135 -181.416 
-65.1857 -182.244 
-65.1577 -183.068 
-65.1297 -183.887 
-65.1015 -184.702 
-65.0732 -185.513 
-65.0449 -186.319 
-65.0164 -187.12 
-64.9878 -187.917 
-64.9591 -188.709 
-64.9303 -189.497 
-64.9014 -190.28 
-64.8724 -191.059 
-64.8434 -191.833 
-64.8142 -192.603 
-64.7849 -193.368 
-64.7555 -194.129 
-64.726 -194.885 
-64.6964 -195.637 
-64.6668 -196.384 
-64.637 -197.127 
-64.6072 -197.865 
-64.5772 -198.599 
-64.5472 -199.328 
-64.5171 -200.053 
-64.4869 -200.773 
-64.4566 -201.489 
-64.4262 -202.2 
-64.3957 -202.907 
-64.3652 -203.609 
-64.3345 -204.307 
-64.3038 -205 
-64.273 -205.689 
-64.2421 -206.374 
-64.2112 -207.053 
-64.1802 -207.729 
-64.1491 -208.4 
-64.1179 -209.067 
-64.0866 -209.729 
-64.0553 -210.387 
-64.0239 -211.04 
-63.9924 -211.689 
-63.9608 -212.333 
-63.9292 -212.973 
-63.8975 -213.609 
-63.8658 -214.24 
-63.834 -214.867 
-63.8021 -215.489 
-63.7701 -216.107 
-63.7381 -216.721 
-63.706 -217.33 
-63.6738 -217.935 
-63.6416 -218.535 
-63.6094 -219.131 
-63.577 -219.723 
-63.5446 -220.31 
-63.5122 -220.893 
-63.4797 -221.472 
-63.4471 -222.046 
-63.4145 -222.616 
-63.3818 -223.182 
-63.3491 -223.743 
-63.3163 -224.3 
-63.2835 -224.852 
-63.2506 -225.4 
-63.2176 -225.944 
-63.1847 -226.484 
-63.1516 -227.019 
-63.1185 -227.55 
-63.0854 -228.077 
-63.0522 -228.599 
-63.019 -229.118 
-62.9857 -229.631 
-62.9524 -230.141 
-62.9191 -230.646 
-62.8857 -231.148 
-62.8523 -231.644 
-62.8188 -232.137 
-62.7853 -232.625 
-62.7517 -233.11 
-62.7182 -233.59 
-62.6845 -234.065 
-62.6509 -234.537 
-62.6172 -235.004 
-62.5835 -235.467 
-62.5497 -235.926 
-62.5159 -236.381 
-62.4821 -236.832 
-62.4482 -237.278 
-62.4143 -237.72 
-62.3804 -238.158 
-62.3465 -238.592 
-62.3125 -239.022 
-62.2785 -239.448 
-62.2445 -239.87 
-62.2105 -240.287 
-62.1764 -240.701 
-62.1423 -241.11 
-62.1082 -241.515 
-62.074 -241.916 
-62.0399 -242.313 
-62.0057 -242.706 
-61.9715 -243.095 
-61.9373 -243.48 
-61.9031 -243.861 
-61.8688 -244.238 
-61.8345 -244.61 
-61.8003 -244.979 
-61.766 -245.344 
-61.7316 -245.705 
-61.6973 -246.061 
-61.663 -246.414 
-61.6286 -246.763 
-61.5943 -247.108 
-61.5599 -247.449 
-61.5255 -247.786 
-61.4911 -248.119 
-61.4568 -248.448 
-61.4224 -248.773 
-61.3879 -249.094 
-61.3535 -249.411 
-61.3191 -249.725 
-61.2847 -250.034 
-61.2503 -250.34 
-61.2158 -250.642 
-61.1814 -250.94 
-61.147 -251.234 
-61.1125 -251.524 
-61.0781 -251.811 
-61.0437 -252.093 
-61.0093 -252.372 
-60.9748 -252.647 
-60.9404 -252.918 
-60.906 -253.185 
-60.8716 -253.449 
-60.8372 -253.709 
-60.8028 -253.965 
-60.7684 -254.217 
-60.734 -254.466 
-60.6996 -254.711 
-60.6652 -254.952 
-60.6308 -255.189 
-60.5965 -255.423 
-60.5622 -255.653 
-60.5278 -255.879 
-60.4935 -256.102 
-60.4592 -256.321 
-60.4249 -256.536 
-60.3906 -256.748 
-60.3564 -256.956 
-60.3221 -257.161 
-60.2879 -257.362 
-60.2537 -257.559 
-60.2194 -257.753 
-60.1853 -257.943 
-60.1511 -258.129 
-60.117 -258.312 
-60.0828 -258.492 
-60.0487 -258.668 
-60.0146 -258.84 
-59.9806 -259.009 
-59.9465 -259.174 
-59.9125 -259.336 
-59.8785 -259.494 
-59.8446 -259.649 
-59.8106 -259.801 
-59.7767 -259.949 
-59.7428 -260.093 
-59.7089 -260.234 
-59.6751 -260.372 
-59.6413 -260.506 
-59.6075 -260.637 
-59.5738 -260.765 
-59.54 -260.889 
-59.5063 -261.009 
-59.4727 -261.127 
-59.439 -261.241 
-59.4054 -261.352 
-59.3719 -261.459 
-59.3383 -261.563 
-59.3048 -261.664 
-59.2714 -261.761 
-59.2379 -261.855 
-59.2045 -261.946 
-59.1712 -262.034 
-59.1379 -262.118 
-59.1046 -262.199 
-59.0713 -262.277 
-59.0381 -262.352 
-59.0049 -262.424 
-58.9718 -262.492 
-58.9387 -262.557 
-58.9056 -262.619 
-58.8726 -262.678 
-58.8396 -262.733 
-58.8067 -262.786 
-58.7738 -262.835 
-58.741 -262.882 
-58.7082 -262.925 
-58.6754 -262.965 
-58.6427 -263.002 
-58.61 -263.036 
-58.5774 -263.067 
-58.5448 -263.095 
-58.5123 -263.12 
-58.4798 -263.141 
-58.4473 -263.16 
-58.415 -263.176 
-58.3826 -263.189 
-58.3503 -263.199 
-58.3181 -263.206 
-58.2859 -263.209 
-58.2537 -263.21 
-58.2216 -263.208 
-58.1896 -263.204 
-58.1576 -263.196 
-58.1256 -263.185 
-58.0937 -263.172 
-58.0619 -263.155 
-58.0301 -263.136 
-57.9984 -263.114 
-57.9667 -263.089 
-57.9351 -263.061 
-57.9035 -263.031 
-57.872 -262.997 
-57.8406 -262.961 
-57.8092 -262.922 
-57.7778 -262.88 
-57.7465 -262.836 
-57.7153 -262.789 
-57.6841 -262.739 
-57.653 -262.686 
-57.622 -262.631 
-57.591 -262.573 
-57.56 -262.512 
-57.5291 -262.449 
-57.4983 -262.382 
-57.4676 -262.314 
-57.4369 -262.242 
-57.4063 -262.168 
-57.3757 -262.092 
-57.3452 -262.013 
-57.3147 -261.931 
-57.2843 -261.847 
-57.254 -261.76 
-57.2238 -261.67 
-57.1936 -261.578 
-57.1635 -261.484 
-57.1334 -261.387 
-57.1034 -261.287 
-57.0735 -261.185 
-57.0436 -261.081 
-57.0138 -260.974 
-56.9841 -260.864 
-56.9544 -260.753 
-56.9248 -260.638 
-56.8953 -260.522 
-56.8658 -260.402 
-56.8364 -260.281 
-56.8071 -260.157 
-56.7778 -260.031 
-56.7486 -259.902 
-56.7195 -259.771 
-56.6905 -259.638 
-56.6615 -259.502 
-56.6326 -259.364 
-56.6037 -259.224 
-56.575 -259.082 
-56.5463 -258.937 
-56.5176 -258.79 
-56.4891 -258.641 
-56.4606 -258.489 
-56.4322 -258.335 
-56.4039 -258.179 
-56.3756 -258.021 
-56.3474 -257.861 
-56.3193 -257.698 
-56.2912 -257.533 
-56.2633 -257.366 
-56.2354 -257.197 
-56.2076 -257.026 
-56.1798 -256.853 
-56.1521 -256.678 
-56.1245 -256.5 
-56.097 -256.32 
-56.0696 -256.139 
-56.0422 -255.955 
-56.0149 -255.769 
-55.9877 -255.582 
-55.9605 -255.392 
-55.9335 -255.2 
-55.9065 -255.006 
-55.8796 -254.81 
-55.8527 -254.613 
-55.826 -254.413 
-55.7993 -254.211 
-55.7727 -254.007 
-55.7462 -253.802 
-55.7197 -253.594 
-55.6934 -253.385 
-55.6671 -253.174 
-55.6409 -252.96 
-55.6147 -252.745 
-55.5887 -252.528 
-55.5627 -252.31 
-55.5368 -252.089 
-55.511 -251.866 
-55.4853 -251.642 
-55.4596 -251.416 
-55.434 -251.188 
-55.4085 -250.959 
-55.3831 -250.727 
-55.3578 -250.494 
-55.3325 -250.259 
-55.3074 -250.023 
-55.2823 -249.784 
-55.2572 -249.544 
-55.2323 -249.302 
-55.2075 -249.059 
-55.1827 -248.814 
-55.158 -248.567 
-55.1334 -248.319 
-55.1089 -248.069 
-55.0844 -247.817 
-55.0601 -247.564 
-55.0358 -247.309 
-55.0116 -247.052 
-54.9874 -246.794 
-54.9634 -246.534 
-54.9394 -246.273 
-54.9156 -246.01 
-54.8918 -245.746 
-54.8681 -245.48 
-54.8444 -245.213 
-54.8209 -244.944 
-54.7974 -244.673 
-54.774 -244.401 
-54.7507 -244.128 
-54.7275 -243.853 
-54.7044 -243.577 
-54.6813 -243.299 
-54.6583 -243.02 
-54.6354 -242.74 
-54.6126 -242.458 
-54.5899 -242.174 
-54.5672 -241.89 
-54.5447 -241.603 
-54.5222 -241.316 
-54.4998 -241.027 
-54.4774 -240.737 
-54.4552 -240.445 
-54.433 -240.153 
-54.411 -239.858 
-54.389 -239.563 
-54.367 -239.266 
-54.3452 -238.968 
-54.3234 -238.669 
-54.3018 -238.368 
-54.2802 -238.066 
-54.2587 -237.763 
-54.2372 -237.459 
-54.2159 -237.154 
-54.1946 -236.847 
-54.1734 -236.539 
-54.1523 -236.23 
-54.1313 -235.92 
-54.1103 -235.608 
-54.0894 -235.296 
-54.0686 -234.982 
-54.0479 -234.667 
-54.0273 -234.351 
-54.0067 -234.034 
-53.9863 -233.716 
-53.9659 -233.397 
-53.9455 -233.076 
-53.9253 -232.755 
-53.9051 -232.432 
-53.885 -232.108 
-53.865 -231.784 
-53.8451 -231.458 
-53.8252 -231.131 
-53.8055 -230.804 
-53.7858 -230.475 
-53.7661 -230.145 
-53.7466 -229.814 
-53.7271 -229.483 
-53.7077 -229.15 
-53.6884 -228.816 
-53.6692 -228.482 
-53.65 -228.146 
-53.6309 -227.81 
-53.6119 -227.472 
-53.5929 -227.134 
-53.574 -226.794 
-53.5552 -226.454 
-53.5365 -226.113 
-53.5179 -225.771 
-53.4993 -225.429 
-53.4808 -225.085 
-53.4623 -224.74 
-53.444 -224.395 
-53.4257 -224.049 
-53.4074 -223.702 
-53.3893 -223.354 
-53.3712 -223.005 
-53.3532 -222.656 
-53.3352 -222.305 
-53.3174 -221.954 
-53.2995 -221.602 
-53.2818 -221.25 
-53.2641 -220.896 
-53.2465 -220.542 
-53.229 -220.187 
-53.2115 -219.832 
-53.1941 -219.475 
-53.1768 -219.118 
-53.1595 -218.76 
-53.1423 -218.402 
-53.1251 -218.042 
-53.1081 -217.682 
-53.091 -217.322 
-53.0741 -216.961 
-53.0572 -216.599 
-53.0404 -216.236 
-53.0236 -215.873 
-53.0069 -215.509 
-52.9902 -215.144 
-52.9736 -214.779 
-52.9571 -214.413 
-52.9406 -214.046 
-52.9242 -213.679 
-52.9079 -213.312 
-52.8916 -212.943 
-52.8753 -212.574 
-52.8591 -212.205 
-52.843 -211.835 
-52.8269 -211.464 
-52.8109 -211.093 
-52.7949 -210.721 
-52.779 -210.349 
-52.7632 -209.976 
-52.7473 -209.602 
-52.7316 -209.228 
-52.7159 -208.854 
-52.7002 -208.479 
-52.6846 -208.103 
-52.669 -207.727 
-52.6535 -207.35 
-52.6381 -206.973 
-52.6226 -206.596 
-52.6073 -206.218 
-52.5919 -205.839 
-52.5766 -205.46 
-52.5614 -205.08 
-52.5462 -204.7 
-52.531 -204.32 
-52.5159 -203.939 
-52.5008 -203.557 
-52.4858 -203.175 
-52.4708 -202.793 
-52.4558 -202.41 
-52.4409 -202.027 
-52.426 -201.644 
-52.4111 -201.259 
-52.3963 -200.875 
-52.3815 -200.49 
-52.3668 -200.105 
-52.352 -199.719 
-52.3373 -199.333 
-52.3227 -198.946 
-52.308 -198.559 
-52.2934 -198.172 
-52.2788 -197.784 
-52.2643 -197.396 
-52.2497 -197.007 
-52.2352 -196.618 
-52.2207 -196.229 
-52.2063 -195.839 
-52.1918 -195.449 
-52.1774 -195.059 
-52.163 -194.668 
-52.1486 -194.277 
-52.1342 -193.885 
-52.1199 -193.493 
-52.1055 -193.101 
-52.0912 -192.708 
-52.0768 -192.315 
-52.0625 -191.922 
-52.0482 -191.528 
-52.0339 -191.134 
-52.0196 -190.739 
-52.0053 -190.344 
-51.991 -189.949 
-51.9767 -189.554 
-51.9624 -189.158 
-51.9481 -188.762 
-51.9338 -188.365 
-51.9194 -187.968 
-51.9051 -187.571 
-51.8908 -187.173 
-51.8764 -186.776 
-51.8621 -186.377 
-51.8477 -185.979 
-51.8333 -185.58 
-51.8189 -185.18 
-51.8045 -184.781 
-51.79 -184.381 
-51.7755 -183.98 
-51.761 -183.579 
-51.7465 -183.178 
-51.7319 -182.777 
-51.7173 -182.375 
-51.7027 -181.973 
-51.688 -181.57 
-51.6732 -181.167 
-51.6585 -180.764 
-51.6437 -180.361 
-51.6288 -179.956 
-51.6138 -179.552 
-51.5989 -179.147 
-51.5838 -178.742 
-51.5687 -178.337 
-51.5535 -177.931 
-51.5383 -177.524 
-51.5229 -177.117 
-51.5075 -176.71 
-51.4921 -176.303 
-51.4765 -175.895 
-51.4608 -175.486 
-51.4451 -175.077 
-51.4292 -174.668 
-51.4132 -174.258 
-51.3972 -173.848 
-51.381 -173.437 
-51.3647 -173.026 
-51.3482 -172.614 
-51.3317 -172.202 
-51.3149 -171.789 
-51.2981 -171.375 
-51.2811 -170.962 
-51.2639 -170.547 
-51.2466 -170.132 
-51.2291 -169.717 
-51.2114 -169.301 
-51.1935 -168.884 
-51.1754 -168.467 
-51.1571 -168.049 
-51.1386 -167.63 
-51.1199 -167.211 
-51.1009 -166.791 
-51.0816 -166.37 
-51.0621 -165.948 
-51.0423 -165.526 
-51.0222 -165.103 
-51.0018 -164.679 
-50.9811 -164.255 
-50.96 -163.829 
-50.9386 -163.403 
-50.9168 -162.975 
-50.8946 -162.547 
-50.8719 -162.118 
-50.8488 -161.687 
-50.8252 -161.256 
-50.8012 -160.823 
-50.7766 -160.39 
-50.7514 -159.955 
-50.7256 -159.519 
-50.6992 -159.081 
-50.6721 -158.643 
-50.6442 -158.202 
-50.6156 -157.761 
-50.5862 -157.318 
-50.5558 -156.873 
-50.5245 -156.426 
-50.4922 -155.978 
-50.4587 -155.528 
-50.424 -155.076 
-50.388 -154.622 
-50.3505 -154.166 
-50.3115 -153.707 
-50.2708 -153.246 
-50.2282 -152.782 
-50.1835 -152.316 
-50.1364 -151.846 
-50.0868 -151.374 
-50.0343 -150.898 
-49.9784 -150.418 
-49.9189 -149.935 
-49.855 -149.447 
-49.7862 -148.955 
-49.7116 -148.457 
-49.6301 -147.954 
-49.5404 -147.445 
-49.4406 -146.929 
-49.3281 -146.405 
-49.1996 -145.872 
-49.0497 -145.328 
-48.8705 -144.773 
-48.6486 -144.202 
-48.3595 -143.612 
-47.9517 -142.998 
-47.2899 -142.348 
-45.8418 -141.639 
-37.8527 -140.8 
-60.4197 298.775 
-60.489 297.226 
-60.558 295.675 
-60.6265 294.121 
-60.6946 292.564 
-60.7624 291.006 
-60.8297 289.444 
-60.8967 287.881 
-60.9632 286.315 
-61.0294 284.747 
-61.0951 283.176 
-61.1605 281.604 
-61.2254 280.029 
-61.29 278.452 
-61.3541 276.873 
-61.4179 275.292 
-61.4813 273.709 
-61.5443 272.124 
-61.6068 270.537 
-61.669 268.948 
-61.7308 267.358 
-61.7922 265.765 
-61.8532 264.171 
-61.9138 262.575 
-61.974 260.978 
-62.0339 259.379 
-62.0933 257.778 
-62.1523 256.176 
-62.211 254.572 
-62.2692 252.967 
-62.3271 251.36 
-62.3846 249.752 
-62.4416 248.142 
-62.4983 246.531 
-62.5546 244.919 
-62.6105 243.306 
-62.6661 241.691 
-62.7212 240.076 
-62.7759 238.459 
-62.8303 236.841 
-62.8843 235.222 
-62.9378 233.602 
-62.991 231.981 
-63.0438 230.359 
-63.0963 228.736 
-63.1483 227.113 
-63.1999 225.488 
-63.2512 223.863 
-63.3021 222.237 
-63.3526 220.61 
-63.4027 218.983 
-63.4524 217.355 
-63.5018 215.726 
-63.5508 214.097 
-63.5993 212.467 
-63.6475 210.837 
-63.6954 209.206 
-63.7428 207.575 
-63.7899 205.944 
-63.8366 204.312 
-63.8829 202.68 
-63.9288 201.047 
-63.9744 199.414 
-64.0195 197.781 
-64.0643 196.148 
-64.1088 194.515 
-64.1528 192.882 
-64.1965 191.248 
-64.2398 189.615 
-64.2827 187.981 
-64.3253 186.348 
-64.3675 184.714 
-64.4093 183.081 
-64.4507 181.448 
-64.4918 179.815 
-64.5325 178.182 
-64.5728 176.549 
-64.6128 174.917 
-64.6524 173.285 
-64.6916 171.653 
-64.7305 170.022 
-64.769 168.391 
-64.8071 166.76 
-64.8449 165.13 
-64.8823 163.5 
-64.9193 161.871 
-64.956 160.243 
-64.9923 158.615 
-65.0283 156.988 
-65.0639 155.361 
-65.0991 153.735 
-65.134 152.11 
-65.1685 150.485 
-65.2027 148.861 
-65.2365 147.238 
-65.2699 145.616 
-65.303 143.995 
-65.3357 142.374 
-65.3681 140.755 
-65.4002 139.136 
-65.4318 137.519 
-65.4632 135.902 
-65.4941 134.287 
-65.5248 132.672 
-65.555 131.059 
-65.585 129.447 
-65.6145 127.836 
-65.6438 126.226 
-65.6727 124.617 
-65.7012 123.01 
-65.7294 121.404 
-65.7572 119.799 
-65.7847 118.196 
-65.8119 116.594 
-65.8387 114.993 
-65.8652 113.394 
-65.8913 111.796 
-65.9171 110.199 
-65.9426 108.604 
-65.9677 107.011 
-65.9925 105.419 
-66.017 103.829 
-66.0411 102.24 
-66.0649 100.653 
-66.0883 99.0679 
-66.1114 97.4842 
-66.1342 95.9023 
-66.1567 94.322 
-66.1788 92.7436 
-66.2006 91.1669 
-66.222 89.592 
-66.2432 88.019 
-66.264 86.4479 
-66.2845 84.8786 
-66.3046 83.3112 
-66.3245 81.7458 
-66.344 80.1824 
-66.3632 78.6209 
-66.382 77.0615 
-66.4006 75.5041 
-66.4188 73.9488 
-66.4367 72.3955 
-66.4543 70.8444 
-66.4716 69.2954 
-66.4885 67.7485 
-66.5052 66.2038 
-66.5215 64.6614 
-66.5375 63.1212 
-66.5532 61.5832 
-66.5686 60.0475 
-66.5836 58.5141 
-66.5984 56.983 
-66.6129 55.4543 
-66.627 53.9279 
-66.6409 52.4039 
-66.6544 50.8823 
-66.6676 49.3632 
-66.6806 47.8465 
-66.6932 46.3323 
-66.7055 44.8206 
-66.7175 43.3114 
-66.7292 41.8047 
-66.7407 40.3006 
-66.7518 38.7991 
-66.7626 37.3002 
-66.7731 35.804 
-66.7834 34.3103 
-66.7933 32.8194 
-66.8029 31.3311 
-66.8123 29.8455 
-66.8213 28.3627 
-66.8301 26.8826 
-66.8386 25.4053 
-66.8468 23.9307 
-66.8547 22.459 
-66.8623 20.9901 
-66.8696 19.524 
-66.8766 18.0608 
-66.8834 16.6005 
-66.8899 15.1431 
-66.8961 13.6886 
-66.902 12.237 
-66.9076 10.7884 
-66.9129 9.3428 
-66.918 7.90017 
-66.9228 6.46056 
-66.9273 5.02398 
-66.9316 3.59044 
-66.9355 2.15998 
-66.9392 0.732594 
-66.9427 -0.691687 
-66.9458 -2.11285 
-66.9487 -3.53088 
-66.9513 -4.94575 
-66.9537 -6.35745 
-66.9557 -7.76597 
-66.9576 -9.17129 
-66.9591 -10.5734 
-66.9604 -11.9722 
-66.9614 -13.3678 
-66.9622 -14.7602 
-66.9627 -16.1492 
-66.9629 -17.535 
-66.9629 -18.9174 
-66.9626 -20.2965 
-66.9621 -21.6723 
-66.9613 -23.0447 
-66.9602 -24.4137 
-66.9589 -25.7793 
-66.9574 -27.1415 
-66.9556 -28.5003 
-66.9535 -29.8557 
-66.9512 -31.2076 
-66.9486 -32.5561 
-66.9458 -33.901 
-66.9428 -35.2425 
-66.9395 -36.5804 
-66.936 -37.9149 
-66.9322 -39.2458 
-66.9282 -40.5731 
-66.9239 -41.8969 
-66.9194 -43.2171 
-66.9146 -44.5338 
-66.9097 -45.8468 
-66.9044 -47.1562 
-66.899 -48.462 
-66.8933 -49.7641 
-66.8874 -51.0626 
-66.8812 -52.3574 
-66.8748 -53.6485 
-66.8682 -54.936 
-66.8614 -56.2197 
-66.8543 -57.4997 
-66.847 -58.776 
-66.8394 -60.0486 
-66.8317 -61.3174 
-66.8237 -62.5824 
-66.8155 -63.8437 
-66.8071 -65.1012 
-66.7984 -66.3549 
-66.7895 -67.6048 
-66.7805 -68.8508 
-66.7711 -70.0931 
-66.7616 -71.3315 
-66.7519 -72.566 
-66.7419 -73.7967 
-66.7318 -75.0235 
-66.7214 -76.2465 
-66.7108 -77.4655 
-66.7 -78.6807 
-66.689 -79.8919 
-66.6777 -81.0992 
-66.6663 -82.3026 
-66.6547 -83.5021 
-66.6428 -84.6976 
-66.6308 -85.8891 
-66.6185 -87.0767 
-66.6061 -88.2603 
-66.5934 -89.4399 
-66.5806 -90.6156 
-66.5675 -91.7872 
-66.5543 -92.9548 
-66.5408 -94.1184 
-66.5272 -95.278 
-66.5134 -96.4335 
-66.4993 -97.585 
-66.4851 -98.7325 
-66.4707 -99.8759 
-66.4561 -101.015 
-66.4413 -102.15 
-66.4263 -103.282 
-66.4111 -104.409 
-66.3958 -105.532 
-66.3802 -106.651 
-66.3645 -107.765 
-66.3486 -108.876 
-66.3325 -109.983 
-66.3162 -111.085 
-66.2998 -112.183 
-66.2831 -113.277 
-66.2663 -114.367 
-66.2494 -115.453 
-66.2322 -116.535 
-66.2149 -117.612 
-66.1973 -118.686 
-66.1797 -119.755 
-66.1618 -120.82 
-66.1438 -121.88 
-66.1256 -122.937 
-66.1072 -123.989 
-66.0887 -125.038 
-66.07 -126.081 
-66.0511 -127.121 
-66.0321 -128.157 
-66.0129 -129.188 
-65.9936 -130.215 
-65.9741 -131.238 
-65.9544 -132.257 
-65.9346 -133.271 
-65.9146 -134.281 
-65.8944 -135.287 
-65.8741 -136.288 
-65.8537 -137.286 
-65.833 -138.279 
-65.8123 -139.268 
-65.7914 -140.252 
-65.7703 -141.232 
-65.7491 -142.208 
-65.7277 -143.18 
-65.7062 -144.147 
-65.6846 -145.111 
-65.6628 -146.069 
-65.6408 -147.024 
-65.6187 -147.974 
-65.5965 -148.92 
-65.5741 -149.862 
-65.5516 -150.799 
-65.5289 -151.732 
-65.5061 -152.661 
-65.4832 -153.585 
-65.4602 -154.505 
-65.437 -155.421 
-65.4136 -156.332 
-65.3902 -157.24 
-65.3666 -158.142 
-65.3428 -159.041 
-65.319 -159.935 
-65.295 -160.825 
-65.2709 -161.71 
-65.2466 -162.592 
-65.2222 -163.468 
-65.1977 -164.341 
-65.1731 -165.209 
-65.1484 -166.073 
-65.1235 -166.933 
-65.0985 -167.788 
-65.0734 -168.639 
-65.0482 -169.485 
-65.0228 -170.327 
-64.9974 -171.165 
-64.9718 -171.999 
-64.9461 -172.828 
-64.9203 -173.653 
-64.8944 -174.473 
-64.8683 -175.29 
-64.8422 -176.101 
-64.8159 -176.909 
-64.7896 -177.712 
-64.7631 -178.511 
-64.7365 -179.305 
-64.7098 -180.096 
-64.6831 -180.881 
-64.6562 -181.663 
-64.6292 -182.44 
-64.6021 -183.213 
-64.5749 -183.982 
-64.5476 -184.746 
-64.5202 -185.506 
-64.4927 -186.261 
-64.4651 -187.012 
-64.4374 -187.759 
-64.4096 -188.502 
-64.3817 -189.24 
-64.3537 -189.974 
-64.3257 -190.704 
-64.2975 -191.429 
-64.2692 -192.15 
-64.2409 -192.867 
-64.2125 -193.579 
-64.184 -194.287 
-64.1553 -194.991 
-64.1266 -195.691 
-64.0979 -196.386 
-64.069 -197.077 
-64.0401 -197.763 
-64.011 -198.446 
-63.9819 -199.124 
-63.9527 -199.798 
-63.9235 -200.467 
-63.8941 -201.132 
-63.8647 -201.793 
-63.8352 -202.45 
-63.8056 -203.102 
-63.776 -203.75 
-63.7462 -204.394 
-63.7164 -205.034 
-63.6866 -205.669 
-63.6566 -206.3 
-63.6266 -206.927 
-63.5965 -207.55 
-63.5664 -208.168 
-63.5362 -208.783 
-63.5059 -209.392 
-63.4755 -209.998 
-63.4451 -210.6 
-63.4146 -211.197 
-63.3841 -211.79 
-63.3535 -212.379 
-63.3228 -212.963 
-63.2921 -213.544 
-63.2613 -214.12 
-63.2304 -214.692 
-63.1995 -215.26 
-63.1686 -215.824 
-63.1375 -216.383 
-63.1065 -216.939 
-63.0753 -217.49 
-63.0441 -218.037 
-63.0129 -218.58 
-62.9816 -219.118 
-62.9503 -219.653 
-62.9189 -220.183 
-62.8875 -220.71 
-62.856 -221.232 
-62.8244 -221.75 
-62.7929 -222.264 
-62.7612 -222.774 
-62.7295 -223.279 
-62.6978 -223.781 
-62.6661 -224.278 
-62.6343 -224.772 
-62.6024 -225.261 
-62.5705 -225.746 
-62.5386 -226.228 
-62.5066 -226.705 
-62.4746 -227.178 
-62.4426 -227.647 
-62.4105 -228.112 
-62.3784 -228.573 
-62.3463 -229.03 
-62.3141 -229.482 
-62.2819 -229.931 
-62.2496 -230.376 
-62.2173 -230.817 
-62.185 -231.254 
-62.1527 -231.687 
-62.1203 -232.116 
-62.0879 -232.54 
-62.0555 -232.961 
-62.023 -233.378 
-61.9905 -233.791 
-61.958 -234.2 
-61.9255 -234.605 
-61.8929 -235.006 
-61.8603 -235.404 
-61.8277 -235.797 
-61.7951 -236.186 
-61.7624 -236.572 
-61.7298 -236.953 
-61.6971 -237.331 
-61.6644 -237.705 
-61.6317 -238.075 
-61.5989 -238.441 
-61.5662 -238.803 
-61.5334 -239.161 
-61.5006 -239.516 
-61.4678 -239.866 
-61.435 -240.213 
-61.4021 -240.556 
-61.3693 -240.895 
-61.3364 -241.231 
-61.3036 -241.562 
-61.2707 -241.89 
-61.2378 -242.214 
-61.2049 -242.534 
-61.172 -242.851 
-61.1391 -243.163 
-61.1062 -243.472 
-61.0733 -243.778 
-61.0404 -244.079 
-61.0074 -244.377 
-60.9745 -244.671 
-60.9416 -244.961 
-60.9086 -245.248 
-60.8757 -245.531 
-60.8428 -245.81 
-60.8098 -246.086 
-60.7769 -246.358 
-60.7439 -246.626 
-60.711 -246.891 
-60.6781 -247.152 
-60.6451 -247.409 
-60.6122 -247.663 
-60.5793 -247.913 
-60.5464 -248.16 
-60.5135 -248.403 
-60.4806 -248.642 
-60.4477 -248.878 
-60.4148 -249.11 
-60.3819 -249.339 
-60.349 -249.564 
-60.3162 -249.786 
-60.2833 -250.004 
-60.2505 -250.218 
-60.2177 -250.429 
-60.1849 -250.637 
-60.1521 -250.841 
-60.1193 -251.042 
-60.0865 -251.239 
-60.0537 -251.432 
-60.021 -251.623 
-59.9883 -251.81 
-59.9556 -251.993 
-59.9229 -252.173 
-59.8902 -252.349 
-59.8575 -252.523 
-59.8249 -252.692 
-59.7923 -252.859 
-59.7597 -253.022 
-59.7271 -253.181 
-59.6946 -253.338 
-59.662 -253.491 
-59.6295 -253.64 
-59.5971 -253.787 
-59.5646 -253.93 
-59.5322 -254.069 
-59.4998 -254.206 
-59.4674 -254.339 
-59.435 -254.469 
-59.4027 -254.596 
-59.3704 -254.719 
-59.3381 -254.839 
-59.3059 -254.956 
-59.2736 -255.07 
-59.2414 -255.18 
-59.2093 -255.288 
-59.1772 -255.392 
-59.1451 -255.493 
-59.113 -255.59 
-59.081 -255.685 
-59.049 -255.776 
-59.017 -255.865 
-58.9851 -255.95 
-58.9532 -256.032 
-58.9213 -256.111 
-58.8895 -256.187 
-58.8577 -256.26 
-58.826 -256.33 
-58.7942 -256.396 
-58.7626 -256.46 
-58.7309 -256.521 
-58.6993 -256.578 
-58.6677 -256.633 
-58.6362 -256.684 
-58.6047 -256.733 
-58.5733 -256.779 
-58.5419 -256.821 
-58.5105 -256.861 
-58.4792 -256.898 
-58.4479 -256.931 
-58.4167 -256.962 
-58.3855 -256.99 
-58.3544 -257.015 
-58.3233 -257.037 
-58.2922 -257.057 
-58.2612 -257.073 
-58.2302 -257.087 
-58.1993 -257.097 
-58.1685 -257.105 
-58.1376 -257.11 
-58.1069 -257.112 
-58.0761 -257.112 
-58.0454 -257.108 
-58.0148 -257.102 
-57.9842 -257.093 
-57.9537 -257.081 
-57.9232 -257.067 
-57.8928 -257.049 
-57.8624 -257.03 
-57.8321 -257.007 
-57.8018 -256.982 
-57.7716 -256.953 
-57.7414 -256.923 
-57.7113 -256.889 
-57.6812 -256.853 
-57.6512 -256.814 
-57.6213 -256.773 
-57.5914 -256.729 
-57.5615 -256.682 
-57.5317 -256.633 
-57.502 -256.581 
-57.4723 -256.527 
-57.4427 -256.47 
-57.4131 -256.41 
-57.3836 -256.348 
-57.3542 -256.284 
-57.3248 -256.217 
-57.2954 -256.147 
-57.2662 -256.075 
-57.237 -256 
-57.2078 -255.923 
-57.1787 -255.844 
-57.1497 -255.761 
-57.1207 -255.677 
-57.0918 -255.59 
-57.0629 -255.501 
-57.0342 -255.409 
-57.0054 -255.315 
-56.9768 -255.218 
-56.9482 -255.119 
-56.9196 -255.018 
-56.8912 -254.914 
-56.8627 -254.808 
-56.8344 -254.7 
-56.8061 -254.59 
-56.7779 -254.477 
-56.7497 -254.361 
-56.7217 -254.244 
-56.6936 -254.124 
-56.6657 -254.002 
-56.6378 -253.878 
-56.61 -253.751 
-56.5822 -253.622 
-56.5545 -253.491 
-56.5269 -253.358 
-56.4993 -253.223 
-56.4718 -253.085 
-56.4444 -252.945 
-56.4171 -252.804 
-56.3898 -252.66 
-56.3626 -252.513 
-56.3354 -252.365 
-56.3084 -252.215 
-56.2814 -252.062 
-56.2544 -251.908 
-56.2276 -251.751 
-56.2008 -251.592 
-56.174 -251.431 
-56.1474 -251.268 
-56.1208 -251.104 
-56.0943 -250.937 
-56.0679 -250.768 
-56.0415 -250.597 
-56.0152 -250.424 
-55.989 -250.249 
-55.9628 -250.072 
-55.9368 -249.893 
-55.9108 -249.713 
-55.8848 -249.53 
-55.859 -249.345 
-55.8332 -249.159 
-55.8075 -248.97 
-55.7818 -248.78 
-55.7563 -248.588 
-55.7308 -248.394 
-55.7054 -248.198 
-55.68 -248 
-55.6548 -247.801 
-55.6296 -247.599 
-55.6045 -247.396 
-55.5794 -247.191 
-55.5545 -246.984 
-55.5296 -246.776 
-55.5048 -246.565 
-55.48 -246.353 
-55.4554 -246.14 
-55.4308 -245.924 
-55.4063 -245.707 
-55.3818 -245.488 
-55.3575 -245.267 
-55.3332 -245.045 
-55.309 -244.821 
-55.2849 -244.595 
-55.2608 -244.368 
-55.2369 -244.139 
-55.213 -243.908 
-55.1891 -243.676 
-55.1654 -243.442 
-55.1417 -243.207 
-55.1181 -242.97 
-55.0946 -242.731 
-55.0712 -242.491 
-55.0479 -242.249 
-55.0246 -242.006 
-55.0014 -241.761 
-54.9783 -241.515 
-54.9552 -241.267 
-54.9323 -241.018 
-54.9094 -240.767 
-54.8866 -240.515 
-54.8638 -240.261 
-54.8412 -240.006 
-54.8186 -239.749 
-54.7961 -239.491 
-54.7737 -239.232 
-54.7514 -238.971 
-54.7291 -238.708 
-54.7069 -238.445 
-54.6848 -238.18 
-54.6628 -237.913 
-54.6408 -237.645 
-54.619 -237.376 
-54.5972 -237.105 
-54.5754 -236.834 
-54.5538 -236.56 
-54.5323 -236.286 
-54.5108 -236.01 
-54.4894 -235.733 
-54.468 -235.455 
-54.4468 -235.175 
-54.4256 -234.894 
-54.4045 -234.612 
-54.3835 -234.328 
-54.3626 -234.044 
-54.3417 -233.758 
-54.3209 -233.471 
-54.3002 -233.183 
-54.2796 -232.893 
-54.2591 -232.603 
-54.2386 -232.311 
-54.2182 -232.018 
-54.1979 -231.724 
-54.1777 -231.428 
-54.1575 -231.132 
-54.1374 -230.835 
-54.1174 -230.536 
-54.0975 -230.236 
-54.0776 -229.935 
-54.0578 -229.633 
-54.0381 -229.331 
-54.0185 -229.026 
-53.9989 -228.721 
-53.9794 -228.415 
-53.96 -228.108 
-53.9407 -227.8 
-53.9215 -227.491 
-53.9023 -227.18 
-53.8832 -226.869 
-53.8641 -226.557 
-53.8452 -226.244 
-53.8263 -225.93 
-53.8075 -225.615 
-53.7888 -225.298 
-53.7701 -224.981 
-53.7515 -224.664 
-53.733 -224.345 
-53.7146 -224.025 
-53.6962 -223.704 
-53.6779 -223.383 
-53.6597 -223.06 
-53.6415 -222.737 
-53.6234 -222.412 
-53.6054 -222.087 
-53.5875 -221.761 
-53.5696 -221.434 
-53.5518 -221.107 
-53.5341 -220.778 
-53.5164 -220.449 
-53.4988 -220.119 
-53.4813 -219.788 
-53.4639 -219.456 
-53.4465 -219.124 
-53.4292 -218.79 
-53.4119 -218.456 
-53.3947 -218.122 
-53.3776 -217.786 
-53.3606 -217.45 
-53.3436 -217.112 
-53.3267 -216.775 
-53.3099 -216.436 
-53.2931 -216.097 
-53.2764 -215.757 
-53.2597 -215.416 
-53.2431 -215.075 
-53.2266 -214.733 
-53.2102 -214.39 
-53.1938 -214.047 
-53.1774 -213.703 
-53.1612 -213.358 
-53.145 -213.012 
-53.1288 -212.666 
-53.1128 -212.32 
-53.0967 -211.972 
-53.0808 -211.625 
-53.0649 -211.276 
-53.0491 -210.927 
-53.0333 -210.577 
-53.0176 -210.227 
-53.0019 -209.876 
-52.9863 -209.524 
-52.9708 -209.172 
-52.9553 -208.82 
-52.9398 -208.467 
-52.9245 -208.113 
-52.9091 -207.759 
-52.8939 -207.404 
-52.8787 -207.048 
-52.8635 -206.692 
-52.8484 -206.336 
-52.8334 -205.979 
-52.8184 -205.622 
-52.8034 -205.264 
-52.7886 -204.905 
-52.7737 -204.546 
-52.7589 -204.187 
-52.7442 -203.827 
-52.7295 -203.467 
-52.7149 -203.106 
-52.7003 -202.744 
-52.6857 -202.383 
-52.6712 -202.02 
-52.6568 -201.658 
-52.6424 -201.295 
-52.628 -200.931 
-52.6137 -200.567 
-52.5995 -200.203 
-52.5852 -199.838 
-52.571 -199.473 
-52.5569 -199.107 
-52.5428 -198.741 
-52.5288 -198.375 
-52.5147 -198.008 
-52.5008 -197.64 
-52.4868 -197.273 
-52.4729 -196.905 
-52.4591 -196.536 
-52.4452 -196.168 
-52.4315 -195.799 
-52.4177 -195.429 
-52.404 -195.059 
-52.3903 -194.689 
-52.3766 -194.318 
-52.363 -193.947 
-52.3494 -193.576 
-52.3359 -193.205 
-52.3224 -192.833 
-52.3089 -192.46 
-52.2954 -192.088 
-52.2819 -191.715 
-52.2685 -191.341 
-52.2551 -190.968 
-52.2418 -190.594 
-52.2284 -190.22 
-52.2151 -189.845 
-52.2018 -189.47 
-52.1885 -189.095 
-52.1753 -188.72 
-52.162 -188.344 
-52.1488 -187.968 
-52.1356 -187.591 
-52.1224 -187.215 
-52.1093 -186.838 
-52.0961 -186.461 
-52.083 -186.083 
-52.0698 -185.705 
-52.0567 -185.327 
-52.0436 -184.949 
-52.0305 -184.57 
-52.0174 -184.191 
-52.0043 -183.812 
-51.9912 -183.432 
-51.9781 -183.052 
-51.9651 -182.672 
-51.952 -182.292 
-51.9389 -181.911 
-51.9258 -181.531 
-51.9127 -181.149 
-51.8996 -180.768 
-51.8866 -180.386 
-51.8734 -180.004 
-51.8603 -179.622 
-51.8472 -179.24 
-51.8341 -178.857 
-51.8209 -178.474 
-51.8077 -178.09 
-51.7946 -177.707 
-51.7814 -177.323 
-51.7681 -176.939 
-51.7549 -176.554 
-51.7416 -176.169 
-51.7283 -175.784 
-51.715 -175.399 
-51.7016 -175.014 
-51.6882 -174.628 
-51.6748 -174.241 
-51.6613 -173.855 
-51.6478 -173.468 
-51.6343 -173.081 
-51.6207 -172.694 
-51.607 -172.306 
-51.5933 -171.918 
-51.5796 -171.53 
-51.5658 -171.141 
-51.5519 -170.752 
-51.538 -170.363 
-51.524 -169.974 
-51.5099 -169.584 
-51.4958 -169.194 
-51.4816 -168.803 
-51.4673 -168.412 
-51.4529 -168.021 
-51.4385 -167.629 
-51.4239 -167.237 
-51.4093 -166.845 
-51.3945 -166.452 
-51.3797 -166.059 
-51.3647 -165.665 
-51.3497 -165.271 
-51.3345 -164.876 
-51.3192 -164.482 
-51.3038 -164.086 
-51.2882 -163.691 
-51.2725 -163.294 
-51.2566 -162.898 
-51.2406 -162.5 
-51.2244 -162.103 
-51.2081 -161.705 
-51.1916 -161.306 
-51.1749 -160.906 
-51.158 -160.507 
-51.1409 -160.106 
-51.1236 -159.705 
-51.1061 -159.304 
-51.0883 -158.901 
-51.0703 -158.498 
-51.0521 -158.095 
-51.0335 -157.691 
-51.0147 -157.286 
-50.9957 -156.88 
-50.9763 -156.474 
-50.9565 -156.066 
-50.9365 -155.658 
-50.9161 -155.249 
-50.8953 -154.84 
-50.8741 -154.429 
-50.8525 -154.017 
-50.8304 -153.605 
-50.8079 -153.191 
-50.7849 -152.776 
-50.7613 -152.361 
-50.7373 -151.944 
-50.7126 -151.526 
-50.6873 -151.106 
-50.6613 -150.686 
-50.6346 -150.264 
-50.6072 -149.84 
-50.5789 -149.416 
-50.5498 -148.989 
-50.5198 -148.561 
-50.4887 -148.131 
-50.4566 -147.7 
-50.4232 -147.267 
-50.3887 -146.831 
-50.3527 -146.394 
-50.3152 -145.954 
-50.2761 -145.512 
-50.2352 -145.067 
-50.1923 -144.62 
-50.1472 -144.17 
-50.0996 -143.717 
-50.0493 -143.261 
-49.9959 -142.801 
-49.939 -142.337 
-49.8781 -141.87 
-49.8125 -141.398 
-49.7416 -140.921 
-49.6644 -140.439 
-49.5797 -139.951 
-49.4859 -139.456 
-49.3808 -138.954 
-49.2615 -138.444 
-49.1238 -137.924 
-48.9611 -137.393 
-48.7634 -136.848 
-48.5126 -136.287 
-48.1742 -135.704 
-47.6673 -135.092 
-46.742 -134.435 
-43.9783 -133.695 
-60.3775 307.428 
-60.4485 305.862 
-60.5191 304.294 
-60.5893 302.723 
-60.6591 301.149 
-60.7285 299.573 
-60.7975 297.994 
-60.8661 296.413 
-60.9343 294.829 
-61.002 293.243 
-61.0694 291.655 
-61.1364 290.064 
-61.203 288.471 
-61.2691 286.876 
-61.3349 285.279 
-61.4003 283.679 
-61.4652 282.078 
-61.5298 280.474 
-61.594 278.868 
-61.6577 277.261 
-61.7211 275.651 
-61.784 274.039 
-61.8466 272.426 
-61.9088 270.811 
-61.9705 269.194 
-62.0319 267.575 
-62.0929 265.955 
-62.1534 264.333 
-62.2136 262.71 
-62.2734 261.084 
-62.3327 259.458 
-62.3917 257.83 
-62.4503 256.2 
-62.5085 254.569 
-62.5662 252.937 
-62.6236 251.303 
-62.6806 249.668 
-62.7372 248.032 
-62.7934 246.394 
-62.8492 244.756 
-62.9046 243.116 
-62.9597 241.475 
-63.0143 239.833 
-63.0685 238.19 
-63.1224 236.546 
-63.1758 234.902 
-63.2289 233.256 
-63.2815 231.609 
-63.3338 229.962 
-63.3857 228.314 
-63.4372 226.665 
-63.4883 225.015 
-63.539 223.365 
-63.5894 221.714 
-63.6393 220.062 
-63.6889 218.41 
-63.738 216.757 
-63.7868 215.104 
-63.8352 213.45 
-63.8832 211.796 
-63.9309 210.142 
-63.9781 208.487 
-64.025 206.832 
-64.0715 205.176 
-64.1176 203.521 
-64.1633 201.865 
-64.2086 200.209 
-64.2536 198.552 
-64.2981 196.896 
-64.3423 195.24 
-64.3862 193.583 
-64.4296 191.927 
-64.4727 190.271 
-64.5153 188.614 
-64.5576 186.958 
-64.5996 185.302 
-64.6411 183.646 
-64.6823 181.991 
-64.7231 180.335 
-64.7636 178.68 
-64.8036 177.025 
-64.8433 175.371 
-64.8826 173.717 
-64.9216 172.063 
-64.9601 170.41 
-64.9984 168.757 
-65.0362 167.104 
-65.0737 165.453 
-65.1108 163.801 
-65.1475 162.151 
-65.1839 160.501 
-65.2199 158.852 
-65.2555 157.203 
-65.2908 155.555 
-65.3257 153.908 
-65.3603 152.262 
-65.3945 150.616 
-65.4283 148.971 
-65.4617 147.328 
-65.4949 145.685 
-65.5276 144.043 
-65.56 142.402 
-65.592 140.762 
-65.6237 139.123 
-65.655 137.485 
-65.686 135.848 
-65.7166 134.213 
-65.7469 132.578 
-65.7768 130.945 
-65.8063 129.313 
-65.8355 127.682 
-65.8644 126.052 
-65.8929 124.424 
-65.921 122.797 
-65.9489 121.172 
-65.9763 119.547 
-66.0034 117.925 
-66.0302 116.303 
-66.0566 114.683 
-66.0827 113.065 
-66.1084 111.448 
-66.1338 109.833 
-66.1589 108.219 
-66.1836 106.607 
-66.208 104.996 
-66.232 103.388 
-66.2557 101.78 
-66.279 100.175 
-66.3021 98.5712 
-66.3247 96.9693 
-66.3471 95.3692 
-66.3691 93.7709 
-66.3908 92.1744 
-66.4121 90.5798 
-66.4332 88.9871 
-66.4538 87.3963 
-66.4742 85.8075 
-66.4942 84.2206 
-66.5139 82.6358 
-66.5333 81.0529 
-66.5524 79.4721 
-66.5711 77.8934 
-66.5895 76.3168 
-66.6076 74.7423 
-66.6253 73.17 
-66.6428 71.5998 
-66.6599 70.0318 
-66.6767 68.4661 
-66.6931 66.9025 
-66.7093 65.3413 
-66.7252 63.7823 
-66.7407 62.2257 
-66.7559 60.6714 
-66.7708 59.1194 
-66.7854 57.5698 
-66.7996 56.0227 
-66.8136 54.4779 
-66.8272 52.9356 
-66.8406 51.3958 
-66.8536 49.8585 
-66.8663 48.3237 
-66.8788 46.7914 
-66.8909 45.2617 
-66.9027 43.7346 
-66.9142 42.2101 
-66.9254 40.6882 
-66.9363 39.1689 
-66.9469 37.6523 
-66.9572 36.1384 
-66.9672 34.6272 
