-42.8678 77.1368 
-60.4503 516.616 
-60.5696 514.539 
-60.6883 512.457 
-60.8064 510.37 
-60.9239 508.276 
-61.0408 506.177 
-61.1572 504.072 
-61.273 501.962 
-61.3882 499.846 
-61.5029 497.725 
-61.6169 495.598 
-61.7304 493.467 
-61.8433 491.33 
-61.9557 489.188 
-62.0674 487.041 
-62.1786 484.888 
-62.2892 482.731 
-62.3992 480.569 
-62.5087 478.403 
-62.6175 476.231 
-62.7258 474.055 
-62.8336 471.874 
-62.9407 469.689 
-63.0473 467.499 
-63.1533 465.305 
-63.2587 463.106 
-63.3635 460.903 
-63.4677 458.696 
-63.5714 456.485 
-63.6745 454.269 
-63.7771 452.05 
-63.879 449.827 
-63.9804 447.599 
-64.0812 445.368 
-64.1814 443.133 
-64.2811 440.894 
-64.3801 438.652 
-64.4786 436.406 
-64.5765 434.156 
-64.6739 431.903 
-64.7707 429.646 
-64.8669 427.386 
-64.9625 425.123 
-65.0575 422.857 
-65.152 420.587 
-65.2459 418.314 
-65.3393 416.038 
-65.432 413.759 
-65.5242 411.477 
-65.6158 409.193 
-65.7069 406.905 
-65.7974 404.615 
-65.8873 402.322 
-65.9766 400.026 
-66.0654 397.727 
-66.1536 395.426 
-66.2412 393.123 
-66.3283 390.817 
-66.4148 388.509 
-66.5007 386.199 
-66.5861 383.886 
-66.6709 381.571 
-66.7551 379.254 
-66.8387 376.935 
-66.9218 374.613 
-67.0044 372.29 
-67.0863 369.965 
-67.1678 367.638 
-67.2486 365.309 
-67.3289 362.979 
-67.4086 360.647 
-67.4878 358.313 
-67.5664 355.977 
-67.6444 353.64 
-67.7219 351.302 
-67.7988 348.962 
-67.8752 346.621 
-67.951 344.278 
-68.0262 341.935 
-68.1009 339.59 
-68.175 337.243 
-68.2486 334.896 
-68.3216 332.548 
-68.3941 330.199 
-68.466 327.849 
-68.5374 325.497 
-68.6082 323.145 
-68.6785 320.793 
-68.7482 318.439 
-68.8174 316.085 
-68.886 313.73 
-68.9541 311.375 
-69.0216 309.019 
-69.0886 306.663 
-69.155 304.306 
-69.2209 301.949 
-69.2862 299.592 
-69.351 297.234 
-69.4153 294.876 
-69.479 292.518 
-69.5422 290.16 
-69.6048 287.802 
-69.6669 285.443 
-69.7285 283.085 
-69.7895 280.727 
-69.85 278.369 
-69.9099 276.011 
-69.9694 273.653 
-70.0282 271.296 
-70.0866 268.939 
-70.1444 266.582 
-70.2017 264.226 
-70.2585 261.87 
-70.3147 259.515 
-70.3704 257.16 
-70.4256 254.806 
-70.4802 252.452 
-70.5343 250.099 
-70.5879 247.747 
-70.641 245.396 
-70.6935 243.045 
-70.7456 240.696 
-70.7971 238.347 
-70.8481 235.999 
-70.8985 233.653 
-70.9485 231.307 
-70.9979 228.963 
-71.0468 226.619 
-71.0952 224.277 
-71.1431 221.936 
-71.1905 219.596 
-71.2374 217.258 
-71.2837 214.921 
-71.3296 212.586 
-71.3749 210.251 
-71.4197 207.919 
-71.4641 205.588 
-71.5079 203.258 
-71.5512 200.93 
-71.594 198.604 
-71.6363 196.28 
-71.6781 193.957 
-71.7195 191.636 
-71.7603 189.317 
-71.8006 187 
-71.8404 184.684 
-71.8797 182.371 
-71.9186 180.059 
-71.9569 177.75 
-71.9948 175.443 
-72.0321 173.137 
-72.069 170.834 
-72.1054 168.533 
-72.1413 166.235 
-72.1767 163.939 
-72.2116 161.644 
-72.246 159.353 
-72.28 157.063 
-72.3135 154.777 
-72.3465 152.492 
-72.379 150.21 
-72.411 147.931 
-72.4426 145.654 
-72.4737 143.38 
-72.5043 141.108 
-72.5345 138.839 
-72.5642 136.573 
-72.5934 134.31 
-72.6221 132.049 
-72.6504 129.791 
-72.6782 127.536 
-72.7055 125.284 
-72.7324 123.035 
-72.7588 120.789 
-72.7848 118.546 
-72.8103 116.306 
-72.8353 114.069 
-72.8599 111.835 
-72.884 109.604 
-72.9077 107.377 
-72.9309 105.152 
-72.9537 102.931 
-72.976 100.713 
-72.9978 98.4989 
-73.0193 96.2877 
-73.0402 94.0799 
-73.0608 91.8755 
-73.0808 89.6746 
-73.1005 87.4771 
-73.1197 85.2831 
-73.1384 83.0927 
-73.1568 80.9058 
-73.1746 78.7225 
-73.1921 76.5429 
-73.2091 74.3669 
-73.2257 72.1946 
-73.2418 70.0261 
-73.2576 67.8612 
-73.2729 65.7002 
-73.2877 63.543 
-73.3022 61.3896 
-73.3162 59.2401 
-73.3298 57.0945 
-73.3429 54.9528 
-73.3557 52.8151 
-73.368 50.6814 
-73.3799 48.5517 
-73.3914 46.426 
-73.4025 44.3045 
-73.4132 42.187 
-73.4234 40.0736 
-73.4333 37.9644 
-73.4427 35.8594 
-73.4517 33.7586 
-73.4604 31.662 
-73.4686 29.5697 
-73.4764 27.4817 
-73.4838 25.398 
-73.4908 23.3187 
-73.4974 21.2437 
-73.5036 19.1731 
-73.5095 17.1069 
-73.5149 15.0452 
-73.5199 12.988 
-73.5246 10.9352 
-73.5288 8.887 
-73.5327 6.84332 
-73.5361 4.80421 
-73.5392 2.7697 
-73.5419 0.739802 
-73.5443 -1.28545 
-73.5462 -3.30604 
-73.5478 -5.32193 
-73.5489 -7.33311 
-73.5497 -9.33956 
-73.5502 -11.3412 
-73.5502 -13.3382 
-73.5499 -15.3302 
-73.5492 -17.3175 
-73.5481 -19.2999 
-73.5467 -21.2775 
-73.5449 -23.2502 
-73.5428 -25.2179 
-73.5402 -27.1807 
-73.5374 -29.1386 
-73.5341 -31.0914 
-73.5305 -33.0393 
-73.5265 -34.9822 
-73.5222 -36.92 
-73.5175 -38.8527 
-73.5125 -40.7804 
-73.5071 -42.703 
-73.5014 -44.6204 
-73.4953 -46.5328 
-73.4889 -48.4399 
-73.4821 -50.3419 
-73.475 -52.2387 
-73.4676 -54.1302 
-73.4598 -56.0166 
-73.4516 -57.8976 
-73.4431 -59.7734 
-73.4343 -61.644 
-73.4252 -63.5092 
-73.4157 -65.369 
-73.4059 -67.2236 
-73.3957 -69.0728 
-73.3853 -70.9166 
-73.3745 -72.755 
-73.3633 -74.588 
-73.3519 -76.4155 
-73.3401 -78.2377 
-73.328 -80.0543 
-73.3156 -81.8655 
-73.3029 -83.6712 
-73.2898 -85.4714 
-73.2764 -87.2661 
-73.2628 -89.0552 
-73.2488 -90.8388 
-73.2345 -92.6168 
-73.2199 -94.3892 
-73.2049 -96.156 
-73.1897 -97.9172 
-73.1742 -99.6728 
-73.1584 -101.423 
-73.1422 -103.167 
-73.1258 -104.906 
-73.1091 -106.639 
-73.092 -108.366 
-73.0747 -110.087 
-73.0571 -111.803 
-73.0392 -113.513 
-73.021 -115.218 
-73.0025 -116.916 
-72.9837 -118.609 
-72.9646 -120.296 
-72.9453 -121.977 
-72.9257 -123.652 
-72.9057 -125.322 
-72.8856 -126.986 
-72.8651 -128.644 
-72.8443 -130.296 
-72.8233 -131.942 
-72.802 -133.582 
-72.7804 -135.217 
-72.7586 -136.845 
-72.7365 -138.468 
-72.7141 -140.084 
-72.6915 -141.695 
-72.6685 -143.3 
-72.6454 -144.899 
-72.6219 -146.492 
-72.5982 -148.078 
-72.5743 -149.659 
-72.5501 -151.234 
-72.5256 -152.803 
-72.5009 -154.366 
-72.4759 -155.923 
-72.4507 -157.474 
-72.4252 -159.019 
-72.3995 -160.558 
-72.3735 -162.091 
-72.3473 -163.617 
-72.3209 -165.138 
-72.2942 -166.653 
-72.2672 -168.161 
-72.2401 -169.664 
-72.2126 -171.16 
-72.185 -172.65 
-72.1571 -174.134 
-72.129 -175.612 
-72.1006 -177.084 
-72.0721 -178.55 
-72.0433 -180.01 
-72.0142 -181.463 
-71.985 -182.911 
-71.9555 -184.352 
-71.9258 -185.787 
-71.8959 -187.216 
-71.8657 -188.638 
-71.8353 -190.055 
-71.8048 -191.465 
-71.774 -192.87 
-71.743 -194.268 
-71.7117 -195.66 
-71.6803 -197.045 
-71.6487 -198.425 
-71.6168 -199.798 
-71.5848 -201.165 
-71.5525 -202.526 
-71.5201 -203.88 
-71.4874 -205.229 
-71.4545 -206.571 
-71.4215 -207.907 
-71.3882 -209.237 
-71.3548 -210.56 
-71.3211 -211.877 
-71.2873 -213.189 
-71.2533 -214.493 
-71.219 -215.792 
-71.1846 -217.084 
-71.15 -218.37 
-71.1153 -219.65 
-71.0803 -220.924 
-71.0452 -222.191 
-71.0098 -223.452 
-70.9743 -224.707 
-70.9386 -225.955 
-70.9028 -227.198 
-70.8667 -228.434 
-70.8305 -229.664 
-70.7942 -230.887 
-70.7576 -232.105 
-70.7209 -233.316 
-70.684 -234.52 
-70.6469 -235.719 
-70.6097 -236.911 
-70.5723 -238.097 
-70.5348 -239.277 
-70.4971 -240.45 
-70.4592 -241.618 
-70.4212 -242.778 
-70.383 -243.933 
-70.3447 -245.082 
-70.3062 -246.224 
-70.2675 -247.36 
-70.2287 -248.489 
-70.1898 -249.613 
-70.1507 -250.73 
-70.1115 -251.841 
-70.0721 -252.946 
-70.0326 -254.044 
-69.9929 -255.136 
-69.9531 -256.222 
-69.9131 -257.302 
-69.8731 -258.375 
-69.8328 -259.443 
-69.7925 -260.504 
-69.752 -261.559 
-69.7113 -262.607 
-69.6706 -263.649 
-69.6297 -264.686 
-69.5887 -265.715 
-69.5475 -266.739 
-69.5063 -267.757 
-69.4649 -268.768 
-69.4234 -269.773 
-69.3817 -270.772 
-69.34 -271.765 
-69.2981 -272.751 
-69.2561 -273.731 
-69.214 -274.705 
-69.1717 -275.673 
-69.1294 -276.635 
-69.0869 -277.591 
-69.0444 -278.54 
-69.0017 -279.483 
-68.9589 -280.42 
-68.916 -281.351 
-68.873 -282.276 
-68.8299 -283.195 
-68.7867 -284.107 
-68.7434 -285.014 
-68.7 -285.914 
-68.6565 -286.808 
-68.6129 -287.696 
-68.5692 -288.578 
-68.5254 -289.454 
-68.4815 -290.324 
-68.4375 -291.187 
-68.3934 -292.045 
-68.3492 -292.897 
-68.305 -293.742 
-68.2606 -294.581 
-68.2162 -295.415 
-68.1717 -296.242 
-68.1271 -297.063 
-68.0824 -297.878 
-68.0376 -298.687 
-67.9928 -299.49 
-67.9479 -300.287 
-67.9029 -301.079 
-67.8578 -301.864 
-67.8126 -302.643 
-67.7674 -303.416 
-67.7221 -304.183 
-67.6767 -304.944 
-67.6313 -305.699 
-67.5858 -306.449 
-67.5402 -307.192 
-67.4946 -307.929 
-67.4488 -308.661 
-67.4031 -309.386 
-67.3572 -310.106 
-67.3113 -310.819 
-67.2654 -311.527 
-67.2193 -312.229 
-67.1733 -312.925 
-67.1271 -313.615 
-67.0809 -314.299 
-67.0347 -314.978 
-66.9884 -315.65 
-66.942 -316.317 
-66.8956 -316.978 
-66.8492 -317.633 
-66.8027 -318.283 
-66.7561 -318.926 
-66.7095 -319.564 
-66.6629 -320.196 
-66.6162 -320.822 
-66.5695 -321.442 
-66.5227 -322.057 
-66.4759 -322.666 
-66.429 -323.269 
-66.3822 -323.867 
-66.3352 -324.458 
-66.2883 -325.045 
-66.2413 -325.625 
-66.1942 -326.2 
-66.1472 -326.769 
-66.1001 -327.332 
-66.0529 -327.89 
-66.0058 -328.442 
-65.9586 -328.989 
-65.9114 -329.53 
-65.8642 -330.065 
-65.8169 -330.595 
-65.7696 -331.119 
-65.7223 -331.637 
-65.675 -332.15 
-65.6276 -332.658 
-65.5802 -333.16 
-65.5328 -333.656 
-65.4854 -334.147 
-65.438 -334.632 
-65.3905 -335.112 
-65.3431 -335.587 
-65.2956 -336.056 
-65.2481 -336.519 
-65.2006 -336.977 
-65.1531 -337.43 
-65.1056 -337.877 
-65.0581 -338.319 
-65.0106 -338.756 
-64.963 -339.187 
-64.9155 -339.612 
-64.8679 -340.033 
-64.8204 -340.448 
-64.7728 -340.858 
-64.7253 -341.262 
-64.6777 -341.661 
-64.6302 -342.055 
-64.5826 -342.443 
-64.5351 -342.827 
-64.4875 -343.205 
-64.44 -343.577 
-64.3925 -343.945 
-64.3449 -344.307 
-64.2974 -344.664 
-64.2499 -345.016 
-64.2024 -345.363 
-64.1549 -345.705 
-64.1074 -346.041 
-64.0599 -346.373 
-64.0125 -346.699 
-63.965 -347.02 
-63.9176 -347.336 
-63.8702 -347.647 
-63.8228 -347.953 
-63.7754 -348.254 
-63.7281 -348.549 
-63.6807 -348.84 
-63.6334 -349.126 
-63.5861 -349.407 
-63.5389 -349.682 
-63.4916 -349.953 
-63.4444 -350.219 
-63.3972 -350.48 
-63.35 -350.736 
-63.3029 -350.987 
-63.2557 -351.233 
-63.2086 -351.475 
-63.1616 -351.711 
-63.1145 -351.943 
-63.0675 -352.17 
-63.0206 -352.392 
-62.9736 -352.609 
-62.9267 -352.821 
-62.8799 -353.029 
-62.833 -353.231 
-62.7862 -353.429 
-62.7395 -353.623 
-62.6928 -353.811 
-62.6461 -353.995 
-62.5994 -354.174 
-62.5528 -354.349 
-62.5063 -354.519 
-62.4597 -354.684 
-62.4133 -354.844 
-62.3668 -355 
-62.3204 -355.152 
-62.2741 -355.298 
-62.2278 -355.441 
-62.1815 -355.578 
-62.1353 -355.711 
-62.0892 -355.84 
-62.0431 -355.964 
-61.997 -356.083 
-61.951 -356.199 
-61.905 -356.309 
-61.8591 -356.415 
-61.8133 -356.517 
-61.7675 -356.614 
-61.7217 -356.707 
-61.6761 -356.796 
-61.6304 -356.88 
-61.5849 -356.96 
-61.5393 -357.035 
-61.4939 -357.106 
-61.4485 -357.173 
-61.4031 -357.236 
-61.3578 -357.294 
-61.3126 -357.348 
-61.2674 -357.398 
-61.2223 -357.443 
-61.1773 -357.484 
-61.1323 -357.521 
-61.0874 -357.554 
-61.0426 -357.583 
-60.9978 -357.608 
-60.9531 -357.628 
-60.9084 -357.645 
-60.8639 -357.657 
-60.8194 -357.665 
-60.7749 -357.669 
-60.7305 -357.669 
-60.6862 -357.665 
-60.642 -357.657 
-60.5978 -357.645 
-60.5538 -357.629 
-60.5097 -357.609 
-60.4658 -357.585 
-60.4219 -357.557 
-60.3781 -357.525 
-60.3344 -357.489 
-60.2908 -357.45 
-60.2472 -357.406 
-60.2037 -357.359 
-60.1603 -357.308 
-60.117 -357.253 
-60.0737 -357.194 
-60.0305 -357.131 
-59.9874 -357.065 
-59.9444 -356.995 
-59.9015 -356.921 
-59.8586 -356.843 
-59.8159 -356.762 
-59.7732 -356.676 
-59.7306 -356.588 
-59.688 -356.495 
-59.6456 -356.399 
-59.6033 -356.299 
-59.561 -356.196 
-59.5188 -356.089 
-59.4767 -355.979 
-59.4347 -355.865 
-59.3928 -355.747 
-59.351 -355.626 
-59.3092 -355.501 
-59.2676 -355.373 
-59.226 -355.241 
-59.1845 -355.106 
-59.1431 -354.968 
-59.1019 -354.826 
-59.0607 -354.68 
-59.0196 -354.532 
-58.9785 -354.379 
-58.9376 -354.224 
-58.8968 -354.065 
-58.8561 -353.903 
-58.8154 -353.737 
-58.7749 -353.568 
-58.7344 -353.396 
-58.6941 -353.221 
-58.6538 -353.042 
-58.6136 -352.86 
-58.5736 -352.675 
-58.5336 -352.487 
-58.4938 -352.295 
-58.454 -352.101 
-58.4143 -351.903 
-58.3747 -351.702 
-58.3353 -351.498 
-58.2959 -351.291 
-58.2566 -351.081 
-58.2175 -350.867 
-58.1784 -350.651 
-58.1394 -350.431 
-58.1006 -350.209 
-58.0618 -349.984 
-58.0232 -349.755 
-57.9846 -349.524 
-57.9462 -349.289 
-57.9078 -349.052 
-57.8696 -348.812 
-57.8314 -348.569 
-57.7934 -348.323 
-57.7555 -348.074 
-57.7177 -347.823 
-57.68 -347.568 
-57.6424 -347.311 
-57.6049 -347.051 
-57.5675 -346.788 
-57.5302 -346.522 
-57.493 -346.253 
-57.456 -345.982 
-57.419 -345.708 
-57.3821 -345.432 
-57.3454 -345.152 
-57.3088 -344.87 
-57.2723 -344.586 
-57.2359 -344.299 
-57.1996 -344.009 
-57.1634 -343.716 
-57.1273 -343.421 
-57.0913 -343.123 
-57.0555 -342.823 
-57.0197 -342.521 
-56.9841 -342.215 
-56.9486 -341.907 
-56.9132 -341.597 
-56.8779 -341.284 
-56.8427 -340.969 
-56.8077 -340.652 
-56.7727 -340.331 
-56.7379 -340.009 
-56.7032 -339.684 
-56.6686 -339.357 
-56.6341 -339.027 
-56.5997 -338.695 
-56.5654 -338.361 
-56.5313 -338.024 
-56.4973 -337.685 
-56.4633 -337.344 
-56.4295 -337.001 
-56.3959 -336.655 
-56.3623 -336.307 
-56.3288 -335.957 
-56.2955 -335.605 
-56.2623 -335.25 
-56.2292 -334.894 
-56.1962 -334.535 
-56.1634 -334.174 
-56.1306 -333.811 
-56.098 -333.445 
-56.0655 -333.078 
-56.0331 -332.709 
-56.0008 -332.337 
-55.9687 -331.964 
-55.9366 -331.588 
-55.9047 -331.211 
-55.8729 -330.831 
-55.8412 -330.45 
-55.8097 -330.066 
-55.7782 -329.681 
-55.7469 -329.293 
-55.7157 -328.904 
-55.6846 -328.513 
-55.6537 -328.12 
-55.6228 -327.725 
-55.5921 -327.328 
-55.5615 -326.93 
-55.531 -326.529 
-55.5006 -326.127 
-55.4704 -325.723 
-55.4403 -325.317 
-55.4103 -324.909 
-55.3804 -324.5 
-55.3506 -324.089 
-55.321 -323.676 
-55.2914 -323.262 
-55.262 -322.846 
-55.2327 -322.428 
-55.2036 -322.008 
-55.1745 -321.587 
-55.1456 -321.164 
-55.1168 -320.74 
-55.0881 -320.314 
-55.0595 -319.886 
-55.0311 -319.457 
-55.0028 -319.026 
-54.9746 -318.594 
-54.9465 -318.16 
-54.9185 -317.725 
-54.8906 -317.288 
-54.8629 -316.85 
-54.8353 -316.41 
-54.8078 -315.969 
-54.7804 -315.526 
-54.7532 -315.082 
-54.726 -314.637 
-54.699 -314.19 
-54.6721 -313.741 
-54.6454 -313.292 
-54.6187 -312.841 
-54.5921 -312.389 
-54.5657 -311.935 
-54.5394 -311.48 
-54.5132 -311.024 
-54.4872 -310.566 
-54.4612 -310.107 
-54.4354 -309.647 
-54.4096 -309.186 
-54.384 -308.723 
-54.3585 -308.26 
-54.3332 -307.795 
-54.3079 -307.328 
-54.2828 -306.861 
-54.2578 -306.393 
-54.2329 -305.923 
-54.2081 -305.452 
-54.1834 -304.98 
-54.1588 -304.507 
-54.1344 -304.033 
-54.11 -303.558 
-54.0858 -303.082 
-54.0617 -302.604 
-54.0377 -302.126 
-54.0138 -301.647 
-53.99 -301.166 
-53.9664 -300.685 
-53.9428 -300.202 
-53.9194 -299.719 
-53.8961 -299.235 
-53.8729 -298.749 
-53.8498 -298.263 
-53.8268 -297.776 
-53.8039 -297.288 
-53.7811 -296.799 
-53.7584 -296.309 
-53.7359 -295.818 
-53.7134 -295.326 
-53.6911 -294.834 
-53.6689 -294.34 
-53.6467 -293.846 
-53.6247 -293.351 
-53.6028 -292.855 
-53.581 -292.359 
-53.5593 -291.861 
-53.5377 -291.363 
-53.5162 -290.864 
-53.4948 -290.364 
-53.4735 -289.864 
-53.4523 -289.362 
-53.4312 -288.861 
-53.4102 -288.358 
-53.3893 -287.855 
-53.3685 -287.35 
-53.3478 -286.846 
-53.3272 -286.34 
-53.3067 -285.834 
-53.2863 -285.328 
-53.266 -284.82 
-53.2458 -284.312 
-53.2257 -283.804 
-53.2057 -283.295 
-53.1858 -282.785 
-53.166 -282.275 
-53.1462 -281.764 
-53.1266 -281.252 
-53.1071 -280.74 
-53.0876 -280.227 
-53.0682 -279.714 
-53.049 -279.201 
-53.0298 -278.686 
-53.0107 -278.172 
-52.9917 -277.657 
-52.9727 -277.141 
-52.9539 -276.625 
-52.9352 -276.108 
-52.9165 -275.591 
-52.8979 -275.074 
-52.8794 -274.556 
-52.861 -274.037 
-52.8426 -273.518 
-52.8244 -272.999 
-52.8062 -272.479 
-52.7881 -271.959 
-52.7701 -271.439 
-52.7522 -270.918 
-52.7343 -270.397 
-52.7165 -269.875 
-52.6988 -269.353 
-52.6811 -268.831 
-52.6636 -268.308 
-52.6461 -267.785 
-52.6286 -267.262 
-52.6113 -266.738 
-52.594 -266.214 
-52.5768 -265.69 
-52.5596 -265.165 
-52.5425 -264.64 
-52.5255 -264.115 
-52.5085 -263.59 
-52.4916 -263.064 
-52.4748 -262.538 
-52.458 -262.011 
-52.4413 -261.485 
-52.4247 -260.958 
-52.4081 -260.431 
-52.3915 -259.904 
-52.375 -259.376 
-52.3586 -258.848 
-52.3422 -258.32 
-52.3259 -257.792 
-52.3096 -257.264 
-52.2934 -256.735 
-52.2772 -256.206 
-52.2611 -255.677 
-52.245 -255.148 
-52.2289 -254.619 
-52.2129 -254.089 
-52.197 -253.559 
-52.1811 -253.029 
-52.1652 -252.499 
-52.1493 -251.969 
-52.1335 -251.438 
-52.1177 -250.908 
-52.102 -250.377 
-52.0863 -249.846 
-52.0706 -249.315 
-52.0549 -248.784 
-52.0393 -248.252 
-52.0237 -247.721 
-52.0081 -247.189 
-51.9925 -246.657 
-51.977 -246.125 
-51.9615 -245.593 
-51.946 -245.061 
-51.9305 -244.529 
-51.915 -243.996 
-51.8995 -243.464 
-51.884 -242.931 
-51.8686 -242.398 
-51.8531 -241.865 
-51.8377 -241.332 
-51.8222 -240.799 
-51.8068 -240.265 
-51.7913 -239.732 
-51.7758 -239.198 
-51.7603 -238.665 
-51.7449 -238.131 
-51.7293 -237.597 
-51.7138 -237.063 
-51.6983 -236.529 
-51.6827 -235.994 
-51.6671 -235.46 
-51.6515 -234.925 
-51.6358 -234.391 
-51.6201 -233.856 
-51.6044 -233.321 
-51.5886 -232.785 
-51.5728 -232.25 
-51.5569 -231.715 
-51.541 -231.179 
-51.525 -230.643 
-51.509 -230.107 
-51.4929 -229.571 
-51.4767 -229.035 
-51.4605 -228.499 
-51.4441 -227.962 
-51.4277 -227.425 
-51.4112 -226.888 
-51.3946 -226.351 
-51.3779 -225.813 
-51.3612 -225.276 
-51.3442 -224.738 
-51.3272 -224.2 
-51.3101 -223.661 
-51.2928 -223.123 
-51.2754 -222.584 
-51.2579 -222.044 
-51.2402 -221.505 
-51.2223 -220.965 
-51.2043 -220.425 
-51.1861 -219.884 
-51.1677 -219.343 
-51.1491 -218.802 
-51.1303 -218.261 
-51.1113 -217.719 
-51.0921 -217.176 
-51.0726 -216.633 
-51.0529 -216.09 
-51.0329 -215.546 
-51.0126 -215.002 
-50.992 -214.457 
-50.9711 -213.911 
-50.9499 -213.365 
-50.9284 -212.819 
-50.9064 -212.271 
-50.8841 -211.723 
-50.8614 -211.175 
-50.8382 -210.625 
-50.8146 -210.075 
-50.7905 -209.524 
-50.7658 -208.972 
-50.7406 -208.419 
-50.7148 -207.865 
-50.6884 -207.311 
-50.6613 -206.755 
-50.6335 -206.198 
-50.6049 -205.639 
-50.5755 -205.08 
-50.5452 -204.519 
-50.5139 -203.957 
-50.4817 -203.393 
-50.4483 -202.828 
-50.4137 -202.261 
-50.3778 -201.692 
-50.3404 -201.122 
-50.3015 -200.549 
-50.2609 -199.974 
-50.2184 -199.397 
-50.1738 -198.818 
-50.1269 -198.235 
-50.0773 -197.65 
-50.0249 -197.062 
-49.9692 -196.47 
-49.9097 -195.875 
-49.8459 -195.276 
-49.7771 -194.672 
-49.7025 -194.064 
-49.6209 -193.45 
-49.531 -192.831 
-49.4309 -192.204 
-49.3181 -191.57 
-49.1889 -190.928 
-49.038 -190.275 
-48.8572 -189.61 
-48.6327 -188.93 
-48.3391 -188.231 
-47.9222 -187.507 
-47.238 -186.747 
-45.6993 -185.927 
-36.2526 -184.969 
-60.4208 254.712 
-60.4912 253.269 
-60.5613 251.824 
-60.631 250.375 
-60.7003 248.924 
-60.7692 247.469 
-60.8377 246.013 
-60.9059 244.553 
-60.9737 243.09 
-61.0411 241.625 
-61.1081 240.158 
-61.1747 238.688 
-61.241 237.215 
-61.3068 235.74 
-61.3723 234.262 
-61.4375 232.782 
-61.5022 231.3 
-61.5666 229.815 
-61.6305 228.328 
-61.6941 226.839 
-61.7574 225.347 
-61.8202 223.853 
-61.8827 222.358 
-61.9448 220.86 
-62.0065 219.36 
-62.0678 217.858 
-62.1288 216.354 
-62.1894 214.848 
-62.2496 213.341 
-62.3094 211.831 
-62.3688 210.32 
-62.4279 208.807 
-62.4866 207.292 
-62.5449 205.776 
-62.6029 204.257 
-62.6605 202.738 
-62.7177 201.216 
-62.7745 199.693 
-62.831 198.169 
-62.887 196.643 
-62.9427 195.116 
-62.9981 193.587 
-63.053 192.057 
-63.1076 190.526 
-63.1618 188.993 
-63.2157 187.459 
-63.2692 185.924 
-63.3223 184.388 
-63.375 182.85 
-63.4274 181.312 
-63.4793 179.772 
-63.531 178.232 
-63.5822 176.69 
-63.6331 175.148 
-63.6836 173.604 
-63.7338 172.06 
-63.7836 170.515 
-63.833 168.969 
-63.882 167.422 
-63.9307 165.874 
-63.979 164.326 
-64.027 162.777 
-64.0746 161.228 
-64.1218 159.678 
-64.1686 158.127 
-64.2151 156.576 
-64.2613 155.024 
-64.307 153.472 
-64.3524 151.919 
-64.3975 150.366 
-64.4422 148.813 
-64.4865 147.259 
-64.5305 145.706 
-64.5741 144.151 
-64.6173 142.597 
-64.6602 141.042 
-64.7027 139.487 
-64.7449 137.933 
-64.7867 136.378 
-64.8282 134.822 
-64.8693 133.267 
-64.91 131.712 
-64.9504 130.157 
-64.9905 128.602 
-65.0302 127.047 
-65.0695 125.493 
-65.1085 123.938 
-65.1471 122.384 
-65.1854 120.829 
-65.2233 119.276 
-65.2609 117.722 
-65.2981 116.169 
-65.335 114.616 
-65.3716 113.063 
-65.4077 111.511 
-65.4436 109.959 
-65.4791 108.408 
-65.5142 106.857 
-65.549 105.307 
-65.5835 103.758 
-65.6176 102.209 
-65.6514 100.66 
-65.6848 99.1125 
-65.7179 97.5654 
-65.7506 96.0191 
-65.7831 94.4735 
-65.8151 92.9286 
-65.8469 91.3846 
-65.8783 89.8414 
-65.9093 88.2991 
-65.94 86.7577 
-65.9704 85.2171 
-66.0004 83.6776 
-66.0302 82.139 
-66.0595 80.6013 
-66.0886 79.0648 
-66.1173 77.5293 
-66.1457 75.9948 
-66.1737 74.4615 
-66.2014 72.9293 
-66.2288 71.3983 
-66.2559 69.8685 
-66.2826 68.3399 
-66.309 66.8125 
-66.3351 65.2865 
-66.3608 63.7617 
-66.3863 62.2383 
-66.4114 60.7162 
-66.4361 59.1955 
-66.4606 57.6762 
-66.4847 56.1583 
-66.5085 54.6419 
-66.532 53.127 
-66.5552 51.6136 
-66.5781 50.1017 
-66.6006 48.5914 
-66.6228 47.0827 
-66.6447 45.5756 
-66.6663 44.0701 
-66.6876 42.5663 
-66.7085 41.0641 
-66.7292 39.5637 
-66.7495 38.065 
-66.7695 36.5681 
-66.7892 35.073 
-66.8086 33.5796 
-66.8277 32.0881 
-66.8465 30.5985 
-66.8649 29.1107 
-66.8831 27.6248 
-66.901 26.1409 
-66.9185 24.6589 
-66.9358 23.1789 
-66.9527 21.7009 
-66.9694 20.2248 
-66.9857 18.7509 
-67.0017 17.279 
-67.0175 15.8092 
-67.0329 14.3414 
-67.0481 12.8759 
-67.0629 11.4124 
-67.0775 9.95116 
-67.0917 8.4921 
-67.1057 7.03525 
-67.1193 5.58064 
-67.1327 4.12829 
-67.1458 2.67822 
-67.1586 1.23046 
-67.1711 -0.214986 
-67.1833 -1.65809 
-67.1952 -3.09882 
-67.2068 -4.53717 
-67.2182 -5.97312 
-67.2292 -7.40664 
-67.24 -8.83771 
-67.2505 -10.2663 
-67.2607 -11.6924 
-67.2706 -13.1161 
-67.2803 -14.5371 
-67.2897 -15.9557 
-67.2987 -17.3717 
-67.3075 -18.7851 
-67.3161 -20.1959 
-67.3243 -21.604 
-67.3323 -23.0096 
-67.34 -24.4124 
-67.3474 -25.8126 
-67.3546 -27.2101 
-67.3615 -28.6049 
-67.3681 -29.997 
-67.3744 -31.3863 
-67.3805 -32.7728 
-67.3863 -34.1566 
-67.3918 -35.5375 
-67.3971 -36.9156 
-67.4021 -38.2909 
-67.4069 -39.6633 
-67.4113 -41.0329 
-67.4156 -42.3995 
-67.4195 -43.7633 
-67.4232 -45.1241 
-67.4266 -46.482 
-67.4298 -47.8369 
-67.4327 -49.1889 
-67.4354 -50.5378 
-67.4378 -51.8838 
-67.4399 -53.2267 
-67.4418 -54.5666 
-67.4435 -55.9034 
-67.4448 -57.2372 
-67.446 -58.5679 
-67.4469 -59.8955 
-67.4475 -61.2199 
-67.4479 -62.5413 
-67.4481 -63.8595 
-67.4479 -65.1745 
-67.4476 -66.4863 
-67.447 -67.795 
-67.4462 -69.1004 
-67.4451 -70.4027 
-67.4438 -71.7017 
-67.4422 -72.9974 
-67.4404 -74.2899 
-67.4384 -75.5791 
-67.4361 -76.865 
-67.4336 -78.1476 
-67.4309 -79.4269 
-67.4279 -80.7029 
-67.4247 -81.9755 
-67.4212 -83.2448 
-67.4175 -84.5107 
-67.4136 -85.7732 
-67.4095 -87.0323 
-67.4051 -88.288 
-67.4005 -89.5403 
-67.3957 -90.7891 
-67.3907 -92.0345 
-67.3854 -93.2764 
-67.3799 -94.5149 
-67.3742 -95.7499 
-67.3683 -96.9814 
-67.3621 -98.2094 
-67.3557 -99.4339 
-67.3491 -100.655 
-67.3423 -101.872 
-67.3353 -103.086 
-67.3281 -104.296 
-67.3206 -105.503 
-67.3129 -106.706 
-67.3051 -107.906 
-67.297 -109.102 
-67.2887 -110.294 
-67.2801 -111.483 
-67.2714 -112.668 
-67.2625 -113.849 
-67.2534 -115.027 
-67.244 -116.201 
-67.2345 -117.371 
-67.2247 -118.538 
-67.2148 -119.701 
-67.2046 -120.86 
-67.1943 -122.016 
-67.1837 -123.168 
-67.173 -124.316 
-67.162 -125.46 
-67.1509 -126.601 
-67.1395 -127.738 
-67.128 -128.871 
-67.1163 -130 
-67.1044 -131.126 
-67.0923 -132.247 
-67.08 -133.365 
-67.0675 -134.479 
-67.0548 -135.59 
-67.0419 -136.696 
-67.0289 -137.799 
-67.0156 -138.898 
-67.0022 -139.992 
-66.9886 -141.084 
-66.9748 -142.171 
-66.9609 -143.254 
-66.9467 -144.334 
-66.9324 -145.409 
-66.9179 -146.481 
-66.9032 -147.549 
-66.8884 -148.613 
-66.8733 -149.672 
-66.8581 -150.728 
-66.8428 -151.781 
-66.8272 -152.829 
-66.8115 -153.873 
-66.7956 -154.913 
-66.7795 -155.95 
-66.7633 -156.982 
-66.7469 -158.01 
-66.7304 -159.035 
-66.7136 -160.055 
-66.6967 -161.072 
-66.6797 -162.084 
-66.6625 -163.093 
-66.6451 -164.097 
-66.6276 -165.098 
-66.6099 -166.094 
-66.592 -167.087 
-66.574 -168.075 
-66.5558 -169.06 
-66.5375 -170.04 
-66.5191 -171.017 
-66.5004 -171.989 
-66.4817 -172.957 
-66.4627 -173.922 
-66.4436 -174.882 
-66.4244 -175.838 
-66.405 -176.79 
-66.3855 -177.739 
-66.3658 -178.683 
-66.346 -179.623 
-66.3261 -180.558 
-66.306 -181.49 
-66.2857 -182.418 
-66.2653 -183.342 
-66.2448 -184.261 
-66.2242 -185.177 
-66.2034 -186.088 
-66.1824 -186.996 
-66.1613 -187.899 
-66.1401 -188.798 
-66.1188 -189.693 
-66.0973 -190.584 
-66.0757 -191.471 
-66.0539 -192.354 
-66.0321 -193.232 
-66.0101 -194.107 
-65.9879 -194.977 
-65.9657 -195.844 
-65.9433 -196.706 
-65.9208 -197.564 
-65.8982 -198.418 
-65.8754 -199.268 
-65.8525 -200.114 
-65.8295 -200.955 
-65.8064 -201.793 
-65.7832 -202.626 
-65.7598 -203.456 
-65.7363 -204.281 
-65.7127 -205.102 
-65.689 -205.919 
-65.6652 -206.731 
-65.6412 -207.54 
-65.6172 -208.345 
-65.593 -209.145 
-65.5687 -209.941 
-65.5444 -210.733 
-65.5199 -211.521 
-65.4953 -212.305 
-65.4706 -213.085 
-65.4457 -213.861 
-65.4208 -214.632 
-65.3958 -215.4 
-65.3707 -216.163 
-65.3454 -216.922 
-65.3201 -217.677 
-65.2946 -218.428 
-65.2691 -219.175 
-65.2435 -219.917 
-65.2177 -220.656 
-65.1919 -221.39 
-65.166 -222.12 
-65.14 -222.846 
-65.1138 -223.568 
-65.0876 -224.286 
-65.0613 -225 
-65.0349 -225.71 
-65.0084 -226.415 
-64.9819 -227.117 
-64.9552 -227.814 
-64.9285 -228.508 
-64.9016 -229.197 
-64.8747 -229.882 
-64.8477 -230.563 
-64.8206 -231.24 
-64.7934 -231.912 
-64.7662 -232.581 
-64.7388 -233.246 
-64.7114 -233.906 
-64.6839 -234.562 
-64.6563 -235.215 
-64.6286 -235.863 
-64.6009 -236.507 
-64.5731 -237.147 
-64.5452 -237.783 
-64.5172 -238.415 
-64.4892 -239.043 
-64.4611 -239.667 
-64.4329 -240.286 
-64.4046 -240.902 
-64.3763 -241.514 
-64.3479 -242.121 
-64.3195 -242.725 
-64.2909 -243.324 
-64.2624 -243.92 
-64.2337 -244.511 
-64.205 -245.098 
-64.1762 -245.682 
-64.1473 -246.261 
-64.1184 -246.836 
-64.0894 -247.408 
-64.0604 -247.975 
-64.0313 -248.538 
-64.0021 -249.097 
-63.9729 -249.653 
-63.9436 -250.204 
-63.9143 -250.751 
-63.8849 -251.294 
-63.8555 -251.834 
-63.826 -252.369 
-63.7964 -252.9 
-63.7668 -253.428 
-63.7372 -253.951 
-63.7075 -254.471 
-63.6777 -254.986 
-63.6479 -255.498 
-63.6181 -256.005 
-63.5882 -256.509 
-63.5582 -257.009 
-63.5282 -257.504 
-63.4982 -257.996 
-63.4681 -258.484 
-63.438 -258.968 
-63.4078 -259.448 
-63.3776 -259.925 
-63.3474 -260.397 
-63.3171 -260.865 
-63.2868 -261.33 
-63.2564 -261.791 
-63.226 -262.247 
-63.1955 -262.7 
-63.1651 -263.149 
-63.1345 -263.595 
-63.104 -264.036 
-63.0734 -264.473 
-63.0428 -264.907 
-63.0121 -265.337 
-62.9815 -265.763 
-62.9507 -266.185 
-62.92 -266.604 
-62.8892 -267.018 
-62.8584 -267.429 
-62.8276 -267.836 
-62.7967 -268.239 
-62.7659 -268.639 
-62.735 -269.034 
-62.704 -269.426 
-62.6731 -269.814 
-62.6421 -270.199 
-62.6111 -270.579 
-62.58 -270.956 
-62.549 -271.329 
-62.5179 -271.699 
-62.4868 -272.065 
-62.4557 -272.427 
-62.4246 -272.785 
-62.3935 -273.14 
-62.3623 -273.491 
-62.3311 -273.838 
-62.2999 -274.181 
-62.2687 -274.521 
-62.2375 -274.857 
-62.2063 -275.19 
-62.175 -275.519 
-62.1438 -275.844 
-62.1125 -276.166 
-62.0812 -276.484 
-62.0499 -276.799 
-62.0186 -277.109 
-61.9873 -277.417 
-61.956 -277.72 
-61.9247 -278.02 
-61.8934 -278.317 
-61.862 -278.61 
-61.8307 -278.899 
-61.7993 -279.185 
-61.768 -279.467 
-61.7366 -279.746 
-61.7053 -280.021 
-61.6739 -280.293 
-61.6426 -280.561 
-61.6112 -280.826 
-61.5799 -281.087 
-61.5485 -281.345 
-61.5171 -281.599 
-61.4858 -281.85 
-61.4544 -282.097 
-61.4231 -282.341 
-61.3917 -282.582 
-61.3604 -282.819 
-61.3291 -283.052 
-61.2977 -283.282 
-61.2664 -283.509 
-61.2351 -283.733 
-61.2038 -283.952 
-61.1725 -284.169 
-61.1412 -284.382 
-61.1099 -284.592 
-61.0787 -284.799 
-61.0474 -285.002 
-61.0162 -285.202 
-60.9849 -285.398 
-60.9537 -285.591 
-60.9225 -285.781 
-60.8913 -285.968 
-60.8601 -286.151 
-60.829 -286.331 
-60.7978 -286.508 
-60.7667 -286.682 
-60.7356 -286.852 
-60.7045 -287.019 
-60.6734 -287.183 
-60.6423 -287.343 
-60.6113 -287.5 
-60.5803 -287.655 
-60.5493 -287.806 
-60.5183 -287.953 
-60.4873 -288.098 
-60.4564 -288.239 
-60.4255 -288.378 
-60.3946 -288.513 
-60.3637 -288.645 
-60.3329 -288.773 
-60.302 -288.899 
-60.2712 -289.022 
-60.2405 -289.141 
-60.2097 -289.258 
-60.179 -289.371 
-60.1483 -289.481 
-60.1177 -289.589 
-60.087 -289.693 
-60.0564 -289.794 
-60.0259 -289.892 
-59.9953 -289.987 
-59.9648 -290.079 
-59.9343 -290.168 
-59.9039 -290.254 
-59.8734 -290.337 
-59.8431 -290.418 
-59.8127 -290.495 
-59.7824 -290.569 
-59.7521 -290.64 
-59.7218 -290.709 
-59.6916 -290.774 
-59.6614 -290.837 
-59.6313 -290.896 
-59.6012 -290.953 
-59.5711 -291.007 
-59.5411 -291.058 
-59.5111 -291.106 
-59.4811 -291.151 
-59.4512 -291.194 
-59.4213 -291.234 
-59.3915 -291.27 
-59.3617 -291.304 
-59.3319 -291.336 
-59.3022 -291.364 
-59.2725 -291.39 
-59.2429 -291.413 
-59.2133 -291.433 
-59.1838 -291.45 
-59.1543 -291.465 
-59.1248 -291.477 
-59.0954 -291.486 
-59.066 -291.493 
-59.0367 -291.497 
-59.0074 -291.498 
-58.9782 -291.496 
-58.949 -291.492 
-58.9198 -291.485 
-58.8907 -291.476 
-58.8617 -291.464 
-58.8327 -291.449 
-58.8037 -291.432 
-58.7748 -291.412 
-58.746 -291.39 
-58.7172 -291.365 
-58.6884 -291.337 
-58.6597 -291.307 
-58.6311 -291.274 
-58.6025 -291.239 
-58.5739 -291.202 
-58.5454 -291.161 
-58.517 -291.119 
-58.4886 -291.073 
-58.4603 -291.026 
-58.432 -290.976 
-58.4037 -290.923 
-58.3756 -290.868 
-58.3475 -290.81 
-58.3194 -290.751 
-58.2914 -290.688 
-58.2634 -290.624 
-58.2355 -290.556 
-58.2077 -290.487 
-58.1799 -290.415 
-58.1522 -290.341 
-58.1245 -290.264 
-58.0969 -290.186 
-58.0693 -290.104 
-58.0418 -290.021 
-58.0144 -289.935 
-57.987 -289.847 
-57.9597 -289.757 
-57.9324 -289.664 
-57.9052 -289.569 
-57.8781 -289.472 
-57.851 -289.373 
-57.824 -289.271 
-57.797 -289.167 
-57.7702 -289.061 
-57.7433 -288.953 
-57.7166 -288.843 
-57.6898 -288.73 
-57.6632 -288.615 
-57.6366 -288.498 
-57.6101 -288.379 
-57.5837 -288.258 
-57.5573 -288.135 
-57.5309 -288.01 
-57.5047 -287.882 
-57.4785 -287.753 
-57.4524 -287.621 
-57.4263 -287.487 
-57.4003 -287.352 
-57.3744 -287.214 
-57.3485 -287.074 
-57.3227 -286.932 
-57.297 -286.788 
-57.2713 -286.643 
-57.2457 -286.495 
-57.2202 -286.345 
-57.1947 -286.193 
-57.1693 -286.04 
-57.144 -285.884 
-57.1188 -285.726 
-57.0936 -285.567 
-57.0685 -285.406 
-57.0434 -285.242 
-57.0184 -285.077 
-56.9935 -284.91 
-56.9687 -284.741 
-56.9439 -284.57 
-56.9192 -284.398 
-56.8946 -284.223 
-56.87 -284.047 
-56.8455 -283.869 
-56.8211 -283.689 
-56.7968 -283.508 
-56.7725 -283.324 
-56.7483 -283.139 
-56.7242 -282.952 
-56.7001 -282.763 
-56.6762 -282.573 
-56.6523 -282.381 
-56.6284 -282.187 
-56.6047 -281.991 
-56.581 -281.794 
-56.5574 -281.595 
-56.5338 -281.394 
-56.5103 -281.192 
-56.4869 -280.988 
-56.4636 -280.783 
-56.4404 -280.575 
-56.4172 -280.367 
-56.3941 -280.156 
-56.3711 -279.944 
-56.3481 -279.731 
-56.3253 -279.515 
-56.3025 -279.299 
-56.2798 -279.08 
-56.2571 -278.861 
-56.2346 -278.639 
-56.2121 -278.416 
-56.1896 -278.192 
-56.1673 -277.966 
-56.145 -277.739 
-56.1228 -277.51 
-56.1007 -277.279 
-56.0787 -277.048 
-56.0567 -276.814 
-56.0349 -276.58 
-56.0131 -276.344 
-55.9913 -276.106 
-55.9697 -275.867 
-55.9481 -275.627 
-55.9266 -275.385 
-55.9052 -275.142 
-55.8839 -274.898 
-55.8626 -274.652 
-55.8414 -274.405 
-55.8203 -274.156 
-55.7993 -273.907 
-55.7784 -273.655 
-55.7575 -273.403 
-55.7367 -273.149 
-55.716 -272.894 
-55.6953 -272.638 
-55.6748 -272.381 
-55.6543 -272.122 
-55.6339 -271.862 
-55.6136 -271.601 
-55.5934 -271.338 
-55.5732 -271.075 
-55.5531 -270.81 
-55.5331 -270.544 
-55.5132 -270.276 
-55.4933 -270.008 
-55.4736 -269.738 
-55.4539 -269.468 
-55.4343 -269.196 
-55.4147 -268.923 
-55.3953 -268.649 
-55.3759 -268.374 
-55.3566 -268.097 
-55.3374 -267.82 
-55.3183 -267.541 
-55.2993 -267.262 
-55.2803 -266.981 
-55.2614 -266.7 
-55.2426 -266.417 
-55.2239 -266.133 
-55.2052 -265.848 
-55.1866 -265.563 
-55.1681 -265.276 
-55.1497 -264.988 
-55.1314 -264.699 
-55.1131 -264.41 
-55.095 -264.119 
-55.0769 -263.827 
-55.0589 -263.535 
-55.0409 -263.241 
-55.0231 -262.947 
-55.0053 -262.652 
-54.9876 -262.355 
-54.97 -262.058 
-54.9524 -261.76 
-54.935 -261.461 
-54.9176 -261.161 
-54.9003 -260.861 
-54.8831 -260.559 
-54.866 -260.257 
-54.8489 -259.954 
-54.8319 -259.65 
-54.815 -259.345 
-54.7982 -259.039 
-54.7815 -258.733 
-54.7648 -258.426 
-54.7482 -258.118 
-54.7317 -257.809 
-54.7153 -257.5 
-54.699 -257.189 
-54.6827 -256.878 
-54.6665 -256.567 
-54.6504 -256.254 
-54.6344 -255.941 
-54.6184 -255.627 
-54.6026 -255.313 
-54.5868 -254.997 
-54.5711 -254.681 
-54.5554 -254.365 
-54.5399 -254.048 
-54.5244 -253.73 
-54.509 -253.411 
-54.4937 -253.092 
-54.4785 -252.772 
-54.4633 -252.452 
-54.4482 -252.131 
-54.4332 -251.809 
-54.4183 -251.487 
-54.4034 -251.164 
-54.3887 -250.841 
-54.374 -250.517 
-54.3594 -250.192 
-54.3448 -249.867 
-54.3304 -249.542 
-54.316 -249.216 
-54.3017 -248.889 
-54.2874 -248.562 
-54.2733 -248.234 
-54.2592 -247.906 
-54.2452 -247.577 
-54.2313 -247.248 
-54.2174 -246.919 
-54.2037 -246.589 
-54.19 -246.258 
-54.1764 -245.927 
-54.1628 -245.596 
-54.1494 -245.264 
-54.136 -244.931 
-54.1227 -244.599 
-54.1094 -244.266 
-54.0963 -243.932 
-54.0832 -243.598 
-54.0702 -243.264 
-54.0572 -242.929 
-54.0444 -242.594 
-54.0316 -242.259 
-54.0189 -241.923 
-54.0063 -241.587 
-53.9937 -241.25 
-53.9812 -240.914 
-53.9688 -240.577 
-53.9565 -240.239 
-53.9442 -239.901 
-53.932 -239.563 
-53.9199 -239.225 
-53.9079 -238.886 
-53.8959 -238.548 
-53.884 -238.208 
-53.8722 -237.869 
-53.8605 -237.529 
-53.8488 -237.189 
-53.8372 -236.849 
-53.8257 -236.509 
-53.8142 -236.168 
-53.8028 -235.827 
-53.7915 -235.486 
-53.7803 -235.145 
-53.7691 -234.803 
-53.758 -234.461 
-53.747 -234.12 
-53.7361 -233.778 
-53.7252 -233.435 
-53.7144 -233.093 
-53.7036 -232.75 
-53.693 -232.408 
-53.6824 -232.065 
-53.6719 -231.722 
-53.6614 -231.379 
-53.651 -231.035 
-53.6407 -230.692 
-53.6305 -230.349 
-53.6203 -230.005 
-53.6102 -229.661 
-53.6002 -229.317 
-53.5903 -228.974 
-53.5804 -228.63 
-53.5705 -228.286 
-53.5608 -227.942 
-53.5511 -227.597 
-53.5415 -227.253 
-53.532 -226.909 
-53.5225 -226.565 
-53.5131 -226.22 
-53.5037 -225.876 
-53.4945 -225.532 
-53.4853 -225.187 
-53.4762 -224.843 
-53.4671 -224.499 
-53.4581 -224.154 
-53.4492 -223.81 
-53.4403 -223.466 
-53.4315 -223.121 
-53.4228 -222.777 
-53.4141 -222.433 
-53.4055 -222.089 
-53.397 -221.744 
-53.3886 -221.4 
-53.3802 -221.056 
-53.3718 -220.712 
-53.3636 -220.368 
-53.3554 -220.024 
-53.3473 -219.681 
-53.3392 -219.337 
-53.3312 -218.993 
-53.3233 -218.65 
-53.3154 -218.307 
-53.3076 -217.963 
-53.2999 -217.62 
-53.2922 -217.277 
-53.2846 -216.934 
-53.2771 -216.592 
-53.2696 -216.249 
-53.2622 -215.906 
-53.2548 -215.564 
-53.2475 -215.222 
-53.2403 -214.88 
-53.2332 -214.538 
-53.2261 -214.196 
-53.2191 -213.855 
-53.2121 -213.514 
-53.2052 -213.172 
-53.1984 -212.832 
-53.1916 -212.491 
-53.1849 -212.15 
-53.1782 -211.81 
-53.1717 -211.47 
-53.1651 -211.13 
-53.1587 -210.79 
-53.1523 -210.451 
-53.1459 -210.112 
-53.1397 -209.773 
-53.1335 -209.434 
-53.1273 -209.096 
-53.1212 -208.757 
-53.1152 -208.419 
-53.1093 -208.082 
-53.1034 -207.744 
-53.0975 -207.407 
-53.0917 -207.07 
-53.086 -206.734 
-53.0804 -206.398 
-53.0748 -206.062 
-53.0692 -205.726 
-53.0638 -205.391 
-53.0584 -205.056 
-53.053 -204.721 
-53.0477 -204.386 
-53.0425 -204.052 
-53.0373 -203.719 
-53.0322 -203.385 
-53.0272 -203.052 
-53.0222 -202.719 
-53.0173 -202.387 
-53.0124 -202.055 
-53.0076 -201.723 
-53.0028 -201.392 
-52.9981 -201.061 
-52.9935 -200.73 
-52.9889 -200.4 
-52.9844 -200.07 
-52.98 -199.741 
-52.9756 -199.412 
-52.9713 -199.083 
-52.967 -198.755 
-52.9628 -198.427 
-52.9586 -198.099 
-52.9545 -197.772 
-52.9505 -197.446 
-52.9465 -197.119 
-52.9426 -196.793 
-52.9387 -196.468 
-52.9349 -196.143 
-52.9311 -195.819 
-52.9274 -195.495 
-52.9238 -195.171 
-52.9202 -194.848 
-52.9167 -194.525 
-52.9133 -194.203 
-52.9099 -193.881 
-52.9065 -193.56 
-52.9032 -193.239 
-52.9 -192.918 
-52.8968 -192.598 
-52.8937 -192.279 
-52.8907 -191.96 
-52.8877 -191.642 
-52.8847 -191.324 
-52.8818 -191.006 
-52.879 -190.689 
-52.8762 -190.373 
-52.8735 -190.057 
-52.8709 -189.741 
-52.8683 -189.426 
-52.8657 -189.112 
-52.8632 -188.798 
-52.8608 -188.485 
-52.8584 -188.172 
-52.8561 -187.86 
-52.8538 -187.548 
-52.8516 -187.237 
-52.8495 -186.926 
-52.8474 -186.616 
-52.8453 -186.306 
-52.8433 -185.997 
-52.8414 -185.689 
-52.8396 -185.381 
-52.8377 -185.074 
-52.836 -184.767 
-52.8343 -184.461 
-52.8326 -184.156 
-52.831 -183.851 
-52.8295 -183.546 
-52.828 -183.242 
-52.8266 -182.939 
-52.8252 -182.637 
-52.8239 -182.335 
-52.8226 -182.033 
-52.8214 -181.733 
-52.8203 -181.432 
-52.8192 -181.133 
-52.8181 -180.834 
-52.8171 -180.536 
-52.8162 -180.238 
-52.8153 -179.941 
-52.8145 -179.645 
-52.8137 -179.349 
-52.813 -179.054 
-52.8124 -178.76 
-52.8117 -178.466 
-52.8112 -178.173 
-52.8107 -177.88 
-52.8102 -177.588 
-52.8099 -177.297 
-52.8095 -177.007 
-52.8092 -176.717 
-52.809 -176.428 
-52.8088 -176.139 
-52.8087 -175.851 
-52.8086 -175.564 
-52.8086 -175.278 
-52.8087 -174.992 
-52.8088 -174.707 
-52.8089 -174.423 
-52.8091 -174.139 
-52.8094 -173.856 
-52.8097 -173.574 
-52.81 -173.292 
-52.8104 -173.011 
-52.8109 -172.731 
-52.8114 -172.452 
-52.812 -172.173 
-52.8126 -171.895 
-52.8133 -171.618 
-52.814 -171.341 
-52.8148 -171.065 
-52.8156 -170.79 
-52.8165 -170.516 
-52.8174 -170.243 
-52.8184 -169.97 
-52.8195 -169.698 
-52.8206 -169.426 
-52.8217 -169.156 
-52.8229 -168.886 
-52.8241 -168.617 
-52.8254 -168.349 
-52.8268 -168.081 
-52.8282 -167.814 
-52.8296 -167.548 
-52.8311 -167.283 
-52.8327 -167.019 
-52.8343 -166.755 
-52.8359 -166.492 
-52.8377 -166.23 
-52.8394 -165.969 
-52.8412 -165.708 
-52.8431 -165.448 
-52.845 -165.189 
-52.8469 -164.931 
-52.8489 -164.674 
-52.851 -164.417 
-52.8531 -164.162 
-52.8553 -163.907 
-52.8575 -163.653 
-52.8597 -163.399 
-52.862 -163.147 
-52.8644 -162.895 
-52.8668 -162.644 
-52.8692 -162.394 
-52.8717 -162.145 
-52.8743 -161.897 
-52.8769 -161.649 
-52.8795 -161.402 
-52.8822 -161.156 
-52.8849 -160.911 
-52.8877 -160.667 
-52.8906 -160.424 
-52.8934 -160.181 
-52.8964 -159.94 
-52.8993 -159.699 
-52.9024 -159.459 
-52.9054 -159.22 
-52.9086 -158.981 
-52.9117 -158.744 
-52.9149 -158.507 
-52.9182 -158.272 
-52.9215 -158.037 
-52.9249 -157.803 
-52.9283 -157.57 
-52.9317 -157.338 
-52.9352 -157.106 
-52.9387 -156.876 
-52.9423 -156.646 
-52.9459 -156.418 
-52.9496 -156.19 
-52.9533 -155.963 
-52.9571 -155.737 
-52.9609 -155.512 
-52.9647 -155.287 
-52.9686 -155.064 
-52.9726 -154.841 
-52.9765 -154.62 
-52.9806 -154.399 
-52.9846 -154.179 
-52.9887 -153.96 
-52.9929 -153.742 
-52.9971 -153.525 
-53.0013 -153.309 
-53.0056 -153.094 
-53.0099 -152.879 
-53.0143 -152.666 
-53.0187 -152.453 
-53.0231 -152.242 
-53.0276 -152.031 
-53.0322 -151.821 
-53.0367 -151.612 
-53.0413 -151.404 
-53.046 -151.197 
-53.0507 -150.991 
-53.0554 -150.786 
-53.0602 -150.581 
-53.065 -150.378 
-53.0699 -150.176 
-53.0748 -149.974 
-53.0797 -149.773 
-53.0847 -149.574 
-53.0897 -149.375 
-53.0947 -149.177 
-53.0998 -148.98 
-53.1049 -148.784 
-53.1101 -148.59 
-53.1153 -148.395 
-53.1205 -148.202 
-53.1258 -148.01 
-53.1311 -147.819 
-53.1365 -147.629 
-53.1419 -147.439 
-53.1473 -147.251 
-53.1527 -147.064 
-53.1582 -146.877 
-53.1638 -146.692 
-53.1693 -146.507 
-53.1749 -146.323 
-53.1806 -146.141 
-53.1862 -145.959 
-53.1919 -145.778 
-53.1977 -145.598 
-53.2034 -145.42 
-53.2092 -145.242 
-53.2151 -145.065 
-53.221 -144.889 
-53.2269 -144.714 
-53.2328 -144.54 
-53.2388 -144.366 
-53.2448 -144.194 
-53.2508 -144.023 
-53.2569 -143.853 
-53.263 -143.684 
-53.2691 -143.515 
-53.2752 -143.348 
-53.2814 -143.182 
-53.2877 -143.016 
-53.2939 -142.852 
-53.3002 -142.688 
-53.3065 -142.526 
-53.3128 -142.364 
-53.3192 -142.204 
-53.3256 -142.044 
-53.332 -141.885 
-53.3385 -141.728 
-53.345 -141.571 
-53.3515 -141.415 
-53.358 -141.26 
-53.3646 -141.107 
-53.3712 -140.954 
-53.3778 -140.802 
-53.3845 -140.651 
-53.3911 -140.501 
-53.3978 -140.352 
-53.4046 -140.204 
-53.4113 -140.057 
-53.4181 -139.911 
-53.4249 -139.766 
-53.4317 -139.622 
-53.4386 -139.478 
-53.4455 -139.336 
-53.4524 -139.195 
-53.4593 -139.055 
-53.4662 -138.915 
-53.4732 -138.777 
-53.4802 -138.64 
-53.4872 -138.503 
-53.4943 -138.368 
-53.5013 -138.234 
-53.5084 -138.1 
-53.5155 -137.968 
-53.5226 -137.836 
-53.5298 -137.705 
-53.537 -137.576 
-53.5441 -137.447 
-53.5514 -137.319 
-53.5586 -137.193 
-53.5658 -137.067 
-53.5731 -136.942 
-53.5804 -136.818 
-53.5877 -136.695 
-53.595 -136.573 
-53.6024 -136.453 
-53.6098 -136.333 
-53.6171 -136.213 
-53.6245 -136.095 
-53.632 -135.978 
-53.6394 -135.862 
-53.6469 -135.747 
-53.6543 -135.633 
-53.6618 -135.519 
-53.6693 -135.407 
-53.6768 -135.296 
-53.6844 -135.185 
-53.6919 -135.076 
-53.6995 -134.967 
-53.7071 -134.86 
-53.7147 -134.753 
-53.7223 -134.647 
-53.7299 -134.543 
-53.7376 -134.439 
-53.7452 -134.336 
-53.7529 -134.234 
-53.7606 -134.133 
-53.7683 -134.033 
-53.776 -133.934 
-53.7837 -133.836 
-53.7915 -133.739 
-53.7992 -133.642 
-53.807 -133.547 
-53.8147 -133.453 
-53.8225 -133.359 
-53.8303 -133.267 
-53.8381 -133.175 
-53.8459 -133.085 
-53.8537 -132.995 
-53.8616 -132.906 
-53.8694 -132.818 
-53.8773 -132.731 
-53.8852 -132.645 
-53.893 -132.56 
-53.9009 -132.476 
-53.9088 -132.393 
-53.9167 -132.31 
-53.9246 -132.229 
-53.9325 -132.148 
-53.9405 -132.069 
-53.9484 -131.99 
-53.9563 -131.912 
-53.9643 -131.836 
-53.9722 -131.76 
-53.9802 -131.685 
-53.9882 -131.61 
-53.9962 -131.537 
-54.0041 -131.465 
-54.0121 -131.394 
-54.0201 -131.323 
-54.0281 -131.253 
-54.0361 -131.185 
-54.0441 -131.117 
-54.0522 -131.05 
-54.0602 -130.984 
-54.0682 -130.919 
-54.0762 -130.854 
-54.0843 -130.791 
-54.0923 -130.729 
-54.1003 -130.667 
-54.1084 -130.606 
-54.1164 -130.546 
-54.1245 -130.487 
-54.1325 -130.429 
-54.1406 -130.372 
-54.1486 -130.316 
-54.1567 -130.26 
-54.1648 -130.205 
-54.1728 -130.152 
-54.1809 -130.099 
-54.189 -130.047 
-54.197 -129.996 
-54.2051 -129.945 
-54.2132 -129.896 
-54.2212 -129.847 
-54.2293 -129.799 
-54.2374 -129.752 
-54.2454 -129.706 
-54.2535 -129.661 
-54.2616 -129.617 
-54.2696 -129.573 
-54.2777 -129.531 
-54.2858 -129.489 
-54.2938 -129.448 
-54.3019 -129.407 
-54.31 -129.368 
-54.318 -129.33 
-54.3261 -129.292 
-54.3341 -129.255 
-54.3422 -129.219 
-54.3502 -129.184 
-54.3583 -129.149 
-54.3663 -129.116 
-54.3744 -129.083 
-54.3824 -129.051 
-54.3905 -129.02 
-54.3985 -128.989 
-54.4065 -128.96 
-54.4145 -128.931 
-54.4226 -128.903 
-54.4306 -128.876 
-54.4386 -128.849 
-54.4466 -128.824 
-54.4546 -128.799 
-54.4626 -128.775 
-54.4706 -128.752 
-54.4786 -128.729 
-54.4865 -128.708 
-54.4945 -128.687 
-54.5025 -128.667 
-54.5105 -128.648 
-54.5184 -128.629 
-54.5264 -128.611 
-54.5343 -128.594 
-54.5422 -128.578 
-54.5502 -128.562 
-54.5581 -128.548 
-54.566 -128.534 
-54.5739 -128.521 
-54.5818 -128.508 
-54.5897 -128.496 
-54.5976 -128.485 
-54.6055 -128.475 
-54.6134 -128.466 
-54.6212 -128.457 
-54.6291 -128.449 
-54.6369 -128.442 
-54.6448 -128.435 
-54.6526 -128.429 
-54.6604 -128.424 
-54.6682 -128.42 
-54.676 -128.416 
-54.6838 -128.413 
-54.6916 -128.411 
-54.6994 -128.41 
-54.7071 -128.409 
-54.7149 -128.409 
-54.7226 -128.409 
-54.7303 -128.411 
-54.7381 -128.413 
-54.7458 -128.415 
-54.7535 -128.419 
-54.7612 -128.423 
-54.7688 -128.428 
-54.7765 -128.433 
-54.7842 -128.439 
-54.7918 -128.446 
-54.7994 -128.454 
-54.8071 -128.462 
-54.8147 -128.471 
-54.8223 -128.48 
-54.8299 -128.491 
-54.8374 -128.502 
-54.845 -128.513 
-54.8525 -128.525 
-54.8601 -128.538 
-54.8676 -128.552 
-54.8751 -128.566 
-54.8826 -128.581 
-54.8901 -128.596 
-54.8976 -128.612 
-54.905 -128.629 
-54.9125 -128.647 
-54.9199 -128.665 
-54.9273 -128.683 
-54.9348 -128.703 
-54.9421 -128.723 
-54.9495 -128.743 
-54.9569 -128.764 
-54.9642 -128.786 
-54.9716 -128.809 
-54.9789 -128.832 
-54.9862 -128.855 
-54.9935 -128.879 
-55.0008 -128.904 
-55.008 -128.93 
-55.0153 -128.956 
-55.0225 -128.982 
-55.0298 -129.01 
-55.037 -129.038 
-55.0441 -129.066 
-55.0513 -129.095 
-55.0585 -129.125 
-55.0656 -129.155 
-55.0728 -129.186 
-55.0799 -129.217 
-55.087 -129.249 
-55.094 -129.281 
-55.1011 -129.314 
-55.1082 -129.348 
-55.1152 -129.382 
-55.1222 -129.417 
-55.1292 -129.452 
-55.1362 -129.488 
-55.1431 -129.524 
-55.1501 -129.561 
-55.157 -129.599 
-55.1639 -129.637 
-55.1708 -129.675 
-55.1777 -129.714 
-55.1846 -129.754 
-55.1914 -129.794 
-55.1983 -129.835 
-55.2051 -129.876 
-55.2119 -129.918 
-55.2187 -129.96 
-55.2254 -130.003 
-55.2322 -130.046 
-55.2389 -130.09 
-55.2456 -130.134 
-55.2523 -130.179 
-55.259 -130.224 
-55.2656 -130.27 
-55.2723 -130.316 
-55.2789 -130.363 
-55.2855 -130.41 
-55.2921 -130.458 
-55.2986 -130.506 
-55.3052 -130.555 
-55.3117 -130.604 
-55.3182 -130.654 
-55.3247 -130.704 
-55.3312 -130.754 
-55.3376 -130.805 
-55.344 -130.857 
-55.3504 -130.909 
-55.3568 -130.961 
-55.3632 -131.014 
-55.3696 -131.068 
-55.3759 -131.121 
-55.3822 -131.176 
-55.3885 -131.23 
-55.3948 -131.286 
-55.4011 -131.341 
-55.4073 -131.397 
-55.4135 -131.454 
-55.4197 -131.511 
-55.4259 -131.568 
-55.4321 -131.626 
-55.4382 -131.684 
-55.4443 -131.742 
-55.4504 -131.801 
-55.4565 -131.861 
-55.4626 -131.921 
-55.4686 -131.981 
-55.4746 -132.041 
-55.4806 -132.102 
-55.4866 -132.164 
-55.4926 -132.226 
-55.4985 -132.288 
-55.5045 -132.351 
-55.5104 -132.414 
-55.5162 -132.477 
-55.5221 -132.541 
-55.5279 -132.605 
-55.5338 -132.669 
-55.5396 -132.734 
-55.5453 -132.8 
-55.5511 -132.865 
-55.5568 -132.931 
-55.5625 -132.998 
-55.5682 -133.064 
-55.5739 -133.131 
-55.5796 -133.199 
-55.5852 -133.267 
-55.5908 -133.335 
-55.5964 -133.403 
-55.602 -133.472 
-55.6075 -133.541 
-55.613 -133.611 
-55.6185 -133.681 
-55.624 -133.751 
-55.6295 -133.821 
-55.6349 -133.892 
-55.6403 -133.963 
-55.6457 -134.035 
-55.6511 -134.107 
-55.6565 -134.179 
-55.6618 -134.251 
-55.6671 -134.324 
-55.6724 -134.397 
-55.6777 -134.47 
-55.6829 -134.544 
-55.6882 -134.618 
-55.6934 -134.692 
-55.6985 -134.767 
-55.7037 -134.842 
-55.7088 -134.917 
-55.714 -134.992 
-55.7191 -135.068 
-55.7241 -135.144 
-55.7292 -135.22 
-55.7342 -135.297 
-55.7392 -135.373 
-55.7442 -135.451 
-55.7492 -135.528 
-55.7541 -135.605 
-55.7591 -135.683 
-55.764 -135.762 
-55.7688 -135.84 
-55.7737 -135.919 
-55.7785 -135.998 
-55.7833 -136.077 
-55.7881 -136.156 
-55.7929 -136.236 
-55.7976 -136.316 
-55.8024 -136.396 
-55.8071 -136.476 
-55.8117 -136.557 
-55.8164 -136.638 
-55.821 -136.719 
-55.8257 -136.8 
-55.8302 -136.881 
-55.8348 -136.963 
-55.8394 -137.045 
-55.8439 -137.127 
-55.8484 -137.21 
-55.8529 -137.292 
-55.8573 -137.375 
-55.8618 -137.458 
-55.8662 -137.541 
-55.8706 -137.625 
-55.8749 -137.708 
-55.8793 -137.792 
-55.8836 -137.876 
-55.8879 -137.96 
-55.8922 -138.045 
-55.8965 -138.129 
-55.9007 -138.214 
-55.9049 -138.299 
-55.9091 -138.384 
-55.9133 -138.47 
-55.9174 -138.555 
-55.9216 -138.641 
-55.9257 -138.726 
-55.9297 -138.812 
-55.9338 -138.899 
-55.9378 -138.985 
-55.9419 -139.071 
-55.9458 -139.158 
-55.9498 -139.245 
-55.9538 -139.332 
-55.9577 -139.419 
-55.9616 -139.506 
-55.9655 -139.593 
-55.9693 -139.681 
-55.9732 -139.769 
-55.977 -139.856 
-55.9808 -139.944 
-55.9846 -140.032 
-55.9883 -140.121 
-55.992 -140.209 
-55.9957 -140.297 
-55.9994 -140.386 
-56.0031 -140.475 
-56.0067 -140.563 
-56.0103 -140.652 
-56.0139 -140.741 
-56.0175 -140.831 
-56.021 -140.92 
-56.0246 -141.009 
-56.0281 -141.099 
-56.0316 -141.188 
-56.035 -141.278 
-56.0385 -141.368 
-56.0419 -141.458 
-56.0453 -141.548 
-56.0486 -141.638 
-56.052 -141.728 
-56.0553 -141.818 
-56.0586 -141.908 
-56.0619 -141.999 
-56.0652 -142.089 
-56.0684 -142.18 
-56.0716 -142.271 
-56.0748 -142.361 
-56.078 -142.452 
-56.0812 -142.543 
-56.0843 -142.634 
-56.0874 -142.725 
-56.0905 -142.816 
-56.0936 -142.907 
-56.0966 -142.998 
-56.0996 -143.09 
-56.1027 -143.181 
-56.1056 -143.272 
-56.1086 -143.364 
-56.1115 -143.455 
-56.1144 -143.547 
-56.1173 -143.638 
-56.1202 -143.73 
-56.1231 -143.821 
-56.1259 -143.913 
-56.1287 -144.005 
-56.1315 -144.097 
-56.1343 -144.188 
-56.137 -144.28 
-56.1397 -144.372 
-56.1424 -144.464 
-56.1451 -144.556 
-56.1478 -144.648 
-56.1504 -144.74 
-56.153 -144.832 
-56.1556 -144.924 
-56.1582 -145.016 
-56.1608 -145.108 
-56.1633 -145.2 
-56.1658 -145.292 
-56.1683 -145.384 
-56.1708 -145.476 
-56.1732 -145.568 
-56.1756 -145.66 
-56.178 -145.752 
-56.1804 -145.844 
-56.1828 -145.936 
-56.1851 -146.028 
-56.1875 -146.12 
-56.1898 -146.212 
-56.1921 -146.304 
-56.1943 -146.396 
-56.1966 -146.488 
-56.1988 -146.58 
-56.201 -146.672 
-56.2032 -146.764 
-56.2053 -146.855 
-56.2075 -146.947 
-56.2096 -147.039 
-56.2117 -147.131 
-56.2138 -147.223 
-56.2158 -147.314 
-56.2178 -147.406 
-56.2199 -147.498 
-56.2219 -147.589 
-56.2238 -147.681 
-56.2258 -147.773 
-56.2277 -147.864 
-56.2296 -147.956 
-56.2315 -148.047 
-56.2334 -148.138 
-56.2353 -148.23 
-56.2371 -148.321 
-56.2389 -148.412 
-56.2407 -148.503 
-56.2425 -148.594 
-56.2443 -148.686 
-56.246 -148.777 
-56.2477 -148.867 
-56.2494 -148.958 
-56.2511 -149.049 
-56.2528 -149.14 
-56.2544 -149.231 
-56.256 -149.321 
-56.2576 -149.412 
-56.2592 -149.502 
-56.2608 -149.593 
-56.2623 -149.683 
-56.2638 -149.773 
-56.2653 -149.863 
-56.2668 -149.953 
-56.2683 -150.043 
-56.2697 -150.133 
-56.2712 -150.223 
-56.2726 -150.313 
-56.274 -150.402 
-56.2753 -150.492 
-56.2767 -150.581 
-56.278 -150.671 
-56.2793 -150.76 
-56.2806 -150.849 
-56.2819 -150.938 
-56.2832 -151.027 
-56.2844 -151.116 
-56.2856 -151.205 
-56.2868 -151.294 
-56.288 -151.382 
-56.2892 -151.471 
-56.2903 -151.559 
-56.2915 -151.647 
-56.2926 -151.736 
-56.2937 -151.824 
-56.2947 -151.912 
-56.2958 -151.999 
-56.2968 -152.087 
-56.2979 -152.175 
-56.2989 -152.262 
-56.2999 -152.349 
-56.3008 -152.437 
-56.3018 -152.524 
-56.3027 -152.611 
-56.3036 -152.698 
-56.3045 -152.784 
-56.3054 -152.871 
-56.3063 -152.957 
-56.3071 -153.044 
-56.3079 -153.13 
-56.3088 -153.216 
-56.3095 -153.302 
-56.3103 -153.388 
-56.3111 -153.474 
-56.3118 -153.559 
-56.3125 -153.645 
-56.3133 -153.73 
-56.3139 -153.815 
-56.3146 -153.9 
-56.3153 -153.985 
-56.3159 -154.069 
-56.3165 -154.154 
-56.3171 -154.238 
-56.3177 -154.323 
-56.3183 -154.407 
-56.3189 -154.491 
-56.3194 -154.574 
-56.3199 -154.658 
-56.3204 -154.742 
-56.3209 -154.825 
-56.3214 -154.908 
-56.3219 -154.991 
-56.3223 -155.074 
-56.3227 -155.157 
-56.3231 -155.239 
-56.3235 -155.322 
-56.3239 -155.404 
-56.3243 -155.486 
-56.3246 -155.568 
-56.3249 -155.65 
-56.3253 -155.731 
-56.3256 -155.813 
-56.3258 -155.894 
-56.3261 -155.975 
-56.3264 -156.056 
-56.3266 -156.136 
-56.3268 -156.217 
-56.327 -156.297 
-56.3272 -156.378 
-56.3274 -156.458 
-56.3275 -156.537 
-56.3277 -156.617 
-56.3278 -156.697 
-56.3279 -156.776 
-56.328 -156.855 
-56.3281 -156.934 
-56.3282 -157.013 
-56.3282 -157.091 
-56.3283 -157.17 
-56.3283 -157.248 
-56.3283 -157.326 
-56.3283 -157.404 
-56.3283 -157.481 
-56.3283 -157.559 
-56.3282 -157.636 
-56.3282 -157.713 
-56.3281 -157.79 
-56.328 -157.867 
-56.3279 -157.943 
-56.3278 -158.02 
-56.3276 -158.096 
-56.3275 -158.172 
-56.3273 -158.247 
-56.3272 -158.323 
-56.327 -158.398 
-56.3268 -158.473 
-56.3266 -158.548 
-56.3263 -158.623 
-56.3261 -158.697 
-56.3258 -158.772 
-56.3256 -158.846 
-56.3253 -158.92 
-56.325 -158.994 
-56.3247 -159.067 
-56.3243 -159.14 
-56.324 -159.213 
-56.3237 -159.286 
-56.3233 -159.359 
-56.3229 -159.432 
-56.3225 -159.504 
-56.3221 -159.576 
-56.3217 -159.648 
-56.3213 -159.719 
-56.3209 -159.791 
-56.3204 -159.862 
-56.3199 -159.933 
-56.3195 -160.004 
-56.319 -160.074 
-56.3185 -160.145 
-56.318 -160.215 
-56.3174 -160.285 
-56.3169 -160.355 
-56.3163 -160.424 
-56.3158 -160.493 
-56.3152 -160.562 
-56.3146 -160.631 
-56.314 -160.7 
-56.3134 -160.768 
-56.3128 -160.836 
-56.3121 -160.904 
-56.3115 -160.972 
-56.3108 -161.04 
-56.3102 -161.107 
-56.3095 -161.174 
-56.3088 -161.241 
-56.3081 -161.308 
-56.3074 -161.374 
-56.3067 -161.44 
-56.3059 -161.506 
-56.3052 -161.572 
-56.3044 -161.637 
-56.3036 -161.703 
-56.3029 -161.768 
-56.3021 -161.832 
-56.3013 -161.897 
-56.3004 -161.961 
-56.2996 -162.025 
-56.2988 -162.089 
-56.2979 -162.153 
-56.2971 -162.217 
-56.2962 -162.28 
-56.2953 -162.343 
-56.2944 -162.405 
-56.2935 -162.468 
-56.2926 -162.53 
-56.2917 -162.592 
-56.2908 -162.654 
-56.2898 -162.716 
-56.2889 -162.777 
-56.2879 -162.838 
-56.287 -162.899 
-56.286 -162.96 
-56.285 -163.02 
-56.284 -163.08 
-56.283 -163.14 
-56.282 -163.2 
-56.2809 -163.259 
-56.2799 -163.319 
-56.2789 -163.378 
-56.2778 -163.436 
-56.2767 -163.495 
-56.2757 -163.553 
-56.2746 -163.611 
-56.2735 -163.669 
-56.2724 -163.727 
-56.2713 -163.784 
-56.2701 -163.841 
-56.269 -163.898 
-56.2679 -163.954 
-56.2667 -164.011 
-56.2656 -164.067 
-56.2644 -164.123 
-56.2632 -164.178 
-56.2621 -164.234 
-56.2609 -164.289 
-56.2597 -164.344 
-56.2585 -164.399 
-56.2572 -164.453 
-56.256 -164.507 
-56.2548 -164.561 
-56.2535 -164.615 
-56.2523 -164.668 
-56.251 -164.722 
-56.2498 -164.775 
-56.2485 -164.827 
-56.2472 -164.88 
-56.2459 -164.932 
-56.2446 -164.984 
-56.2433 -165.036 
-56.242 -165.087 
-56.2407 -165.139 
-56.2394 -165.19 
-56.238 -165.241 
-56.2367 -165.291 
-56.2354 -165.341 
-56.234 -165.392 
-56.2326 -165.441 
-56.2313 -165.491 
-56.2299 -165.54 
-56.2285 -165.589 
-56.2271 -165.638 
-56.2257 -165.687 
-56.2243 -165.735 
-56.2229 -165.783 
-56.2215 -165.831 
-56.22 -165.879 
-56.2186 -165.926 
-56.2172 -165.973 
-56.2157 -166.02 
-56.2143 -166.067 
-56.2128 -166.113 
-56.2113 -166.159 
-56.2099 -166.205 
-56.2084 -166.251 
-56.2069 -166.296 
-56.2054 -166.342 
-56.2039 -166.386 
-56.2024 -166.431 
-56.2009 -166.476 
-56.1994 -166.52 
-56.1979 -166.564 
-56.1964 -166.607 
-56.1948 -166.651 
-56.1933 -166.694 
-56.1917 -166.737 
-56.1902 -166.78 
-56.1886 -166.822 
-56.1871 -166.865 
-56.1855 -166.907 
-56.1839 -166.948 
-56.1824 -166.99 
-56.1808 -167.031 
-56.1792 -167.072 
-56.1776 -167.113 
-56.176 -167.154 
-56.1744 -167.194 
-56.1728 -167.234 
-56.1712 -167.274 
-56.1696 -167.313 
-56.1679 -167.353 
-56.1663 -167.392 
-56.1647 -167.431 
-56.163 -167.469 
-56.1614 -167.507 
-56.1597 -167.546 
-56.1581 -167.583 
-56.1564 -167.621 
-56.1548 -167.659 
-56.1531 -167.696 
-56.1514 -167.733 
-56.1498 -167.769 
-56.1481 -167.806 
-56.1464 -167.842 
-56.1447 -167.878 
-56.143 -167.914 
-56.1413 -167.949 
-56.1396 -167.984 
-56.1379 -168.019 
-56.1362 -168.054 
-56.1345 -168.088 
-56.1328 -168.123 
-56.1311 -168.157 
-56.1294 -168.191 
-56.1276 -168.224 
-56.1259 -168.257 
-56.1242 -168.291 
-56.1224 -168.323 
-56.1207 -168.356 
-56.119 -168.388 
-56.1172 -168.42 
-56.1155 -168.452 
-56.1137 -168.484 
-56.1119 -168.515 
-56.1102 -168.547 
-56.1084 -168.578 
-56.1067 -168.608 
-56.1049 -168.639 
-56.1031 -168.669 
-56.1013 -168.699 
-56.0996 -168.729 
-56.0978 -168.758 
-56.096 -168.788 
-56.0942 -168.817 
-56.0924 -168.846 
-56.0906 -168.874 
-56.0888 -168.903 
-56.087 -168.931 
-56.0853 -168.959 
-56.0834 -168.986 
-56.0816 -169.014 
-56.0798 -169.041 
-56.078 -169.068 
-56.0762 -169.095 
-56.0744 -169.121 
-56.0726 -169.148 
-56.0708 -169.174 
-56.069 -169.2 
-56.0671 -169.225 
-56.0653 -169.251 
-56.0635 -169.276 
-56.0617 -169.301 
-56.0598 -169.326 
-56.058 -169.35 
-56.0562 -169.374 
-56.0543 -169.398 
-56.0525 -169.422 
-56.0507 -169.446 
-56.0488 -169.469 
-56.047 -169.492 
-56.0451 -169.515 
-56.0433 -169.538 
-56.0414 -169.56 
-56.0396 -169.583 
-56.0377 -169.605 
-56.0359 -169.627 
-56.034 -169.648 
-56.0322 -169.669 
-56.0303 -169.691 
-56.0285 -169.712 
-56.0266 -169.732 
-56.0248 -169.753 
-56.0229 -169.773 
-56.0211 -169.793 
-56.0192 -169.813 
-56.0173 -169.833 
-56.0155 -169.852 
-56.0136 -169.871 
-56.0118 -169.89 
-56.0099 -169.909 
-56.008 -169.927 
-56.0062 -169.946 
-56.0043 -169.964 
-56.0024 -169.982 
-56.0006 -169.999 
-55.9987 -170.017 
-55.9968 -170.034 
-55.995 -170.051 
-55.9931 -170.068 
-55.9912 -170.085 
-55.9894 -170.101 
-55.9875 -170.117 
-55.9856 -170.133 
-55.9838 -170.149 
-55.9819 -170.165 
-55.98 -170.18 
-55.9781 -170.195 
-55.9763 -170.21 
-55.9744 -170.225 
-55.9725 -170.24 
-55.9707 -170.254 
-55.9688 -170.268 
-55.9669 -170.282 
-55.9651 -170.296 
-55.9632 -170.309 
-55.9613 -170.323 
-55.9595 -170.336 
-55.9576 -170.349 
-55.9557 -170.361 
-55.9539 -170.374 
-55.952 -170.386 
-55.9501 -170.398 
-55.9483 -170.41 
-55.9464 -170.422 
-55.9445 -170.434 
-55.9427 -170.445 
-55.9408 -170.456 
-55.939 -170.467 
-55.9371 -170.478 
-55.9352 -170.488 
-55.9334 -170.499 
-55.9315 -170.509 
-55.9297 -170.519 
-55.9278 -170.529 
-55.9259 -170.538 
-55.9241 -170.548 
-55.9222 -170.557 
-55.9204 -170.566 
-55.9185 -170.575 
-55.9167 -170.583 
-55.9148 -170.592 
-55.913 -170.6 
-55.9112 -170.608 
-55.9093 -170.616 
-55.9075 -170.624 
-55.9056 -170.631 
-55.9038 -170.638 
-55.9019 -170.645 
-55.9001 -170.652 
-55.8983 -170.659 
-55.8964 -170.666 
-55.8946 -170.672 
-55.8928 -170.678 
-55.8909 -170.684 
-55.8891 -170.69 
-55.8873 -170.696 
-55.8855 -170.701 
-55.8836 -170.707 
-55.8818 -170.712 
-55.88 -170.717 
-55.8782 -170.722 
-55.8764 -170.726 
-55.8745 -170.731 
-55.8727 -170.735 
-55.8709 -170.739 
-55.8691 -170.743 
-55.8673 -170.747 
-55.8655 -170.75 
-55.8637 -170.753 
-55.8619 -170.757 
-55.8601 -170.76 
-55.8583 -170.763 
-55.8565 -170.765 
-55.8547 -170.768 
-55.8529 -170.77 
-55.8512 -170.772 
-55.8494 -170.774 
-55.8476 -170.776 
-55.8458 -170.778 
-55.844 -170.779 
-55.8423 -170.781 
-55.8405 -170.782 
-55.8387 -170.783 
-55.8369 -170.784 
-55.8352 -170.785 
-55.8334 -170.785 
-55.8316 -170.785 
-55.8299 -170.786 
-55.8281 -170.786 
-55.8264 -170.786 
-55.8246 -170.785 
-55.8229 -170.785 
-55.8211 -170.784 
-55.8194 -170.784 
-55.8177 -170.783 
-55.8159 -170.782 
-55.8142 -170.78 
-55.8125 -170.779 
-55.8107 -170.777 
-55.809 -170.776 
-55.8073 -170.774 
-55.8056 -170.772 
-55.8039 -170.77 
-55.8021 -170.768 
-55.8004 -170.765 
-55.7987 -170.763 
-55.797 -170.76 
-55.7953 -170.757 
-55.7936 -170.754 
-55.7919 -170.751 
-55.7902 -170.747 
-55.7885 -170.744 
-55.7869 -170.74 
-55.7852 -170.737 
-55.7835 -170.733 
-55.7818 -170.729 
-55.7802 -170.725 
-55.7785 -170.72 
-55.7768 -170.716 
-55.7752 -170.711 
-55.7735 -170.706 
-55.7718 -170.701 
-55.7702 -170.696 
-55.7685 -170.691 
-55.7669 -170.686 
-55.7653 -170.68 
-55.7636 -170.675 
-55.762 -170.669 
-55.7604 -170.663 
-55.7587 -170.657 
-55.7571 -170.651 
-55.7555 -170.645 
-55.7539 -170.639 
-55.7522 -170.632 
-55.7506 -170.625 
-55.749 -170.619 
-55.7474 -170.612 
-55.7458 -170.605 
-55.7442 -170.598 
-55.7426 -170.59 
-55.7411 -170.583 
-55.7395 -170.575 
-55.7379 -170.568 
-55.7363 -170.56 
-55.7347 -170.552 
-55.7332 -170.544 
-55.7316 -170.536 
-55.73 -170.527 
-55.7285 -170.519 
-55.7269 -170.51 
-55.7254 -170.502 
-55.7238 -170.493 
-55.7223 -170.484 
-55.7208 -170.475 
-55.7192 -170.466 
-55.7177 -170.457 
-55.7162 -170.447 
-55.7147 -170.438 
-55.7131 -170.428 
-55.7116 -170.419 
-55.7101 -170.409 
-55.7086 -170.399 
-55.7071 -170.389 
-55.7056 -170.379 
-55.7041 -170.368 
-55.7026 -170.358 
-55.7012 -170.347 
-55.6997 -170.337 
-55.6982 -170.326 
-55.6967 -170.315 
-55.6953 -170.304 
-55.6938 -170.293 
-55.6923 -170.282 
-55.6909 -170.271 
-55.6894 -170.259 
-55.688 -170.248 
-55.6865 -170.236 
-55.6851 -170.225 
-55.6837 -170.213 
-55.6822 -170.201 
-55.6808 -170.189 
-55.6794 -170.177 
-55.678 -170.165 
-55.6766 -170.153 
-55.6752 -170.14 
-55.6738 -170.128 
-55.6724 -170.115 
-55.671 -170.102 
-55.6696 -170.09 
-55.6682 -170.077 
-55.6668 -170.064 
-55.6654 -170.051 
-55.6641 -170.038 
-55.6627 -170.024 
-55.6613 -170.011 
-55.66 -169.998 
-55.6586 -169.984 
-55.6573 -169.971 
-55.6559 -169.957 
-55.6546 -169.943 
-55.6533 -169.929 
-55.6519 -169.915 
-55.6506 -169.901 
-55.6493 -169.887 
-55.648 -169.873 
-55.6466 -169.859 
-55.6453 -169.844 
-55.644 -169.83 
-55.6427 -169.815 
-55.6414 -169.8 
-55.6402 -169.786 
-55.6389 -169.771 
-55.6376 -169.756 
-55.6363 -169.741 
-55.635 -169.726 
-55.6338 -169.711 
-55.6325 -169.696 
-55.6313 -169.68 
-55.63 -169.665 
-55.6288 -169.65 
-55.6275 -169.634 
-55.6263 -169.618 
-55.625 -169.603 
-55.6238 -169.587 
-55.6226 -169.571 
-55.6214 -169.555 
-55.6202 -169.539 
-55.619 -169.523 
-55.6178 -169.507 
-55.6166 -169.491 
-55.6154 -169.475 
-55.6142 -169.458 
-55.613 -169.442 
-55.6118 -169.426 
-55.6106 -169.409 
-55.6095 -169.393 
-55.6083 -169.376 
-55.6071 -169.359 
-55.606 -169.342 
-55.6048 -169.325 
-55.6037 -169.309 
-55.6025 -169.292 
-55.6014 -169.275 
-55.6003 -169.257 
-55.5991 -169.24 
-55.598 -169.223 
-55.5969 -169.206 
-55.5958 -169.188 
-55.5947 -169.171 
-55.5936 -169.154 
-55.5925 -169.136 
-55.5914 -169.118 
-55.5903 -169.101 
-55.5892 -169.083 
-55.5881 -169.065 
-55.5871 -169.048 
-55.586 -169.03 
-55.5849 -169.012 
-55.5839 -168.994 
-55.5828 -168.976 
-55.5818 -168.958 
-55.5807 -168.94 
-55.5797 -168.921 
-55.5787 -168.903 
-55.5776 -168.885 
-55.5766 -168.867 
-55.5756 -168.848 
-55.5746 -168.83 
-55.5736 -168.811 
-55.5726 -168.793 
-55.5716 -168.774 
-55.5706 -168.756 
-55.5696 -168.737 
-55.5686 -168.718 
-55.5676 -168.699 
-55.5667 -168.681 
-55.5657 -168.662 
-55.5647 -168.643 
-55.5638 -168.624 
-55.5628 -168.605 
-55.5619 -168.586 
-55.5609 -168.567 
-55.56 -168.548 
-55.559 -168.529 
-55.5581 -168.51 
-55.5572 -168.49 
-55.5563 -168.471 
-55.5553 -168.452 
-55.5544 -168.433 
-55.5535 -168.413 
-55.5526 -168.394 
-55.5517 -168.374 
-55.5508 -168.355 
-55.55 -168.335 
-55.5491 -168.316 
-55.5482 -168.296 
-55.5473 -168.277 
-55.5465 -168.257 
-55.5456 -168.237 
-55.5448 -168.218 
-55.5439 -168.198 
-55.5431 -168.178 
-55.5422 -168.159 
-55.5414 -168.139 
-55.5406 -168.119 
-55.5397 -168.099 
-55.5389 -168.079 
-55.5381 -168.059 
-55.5373 -168.039 
-55.5365 -168.019 
-55.5357 -167.999 
-55.5349 -167.979 
-55.5341 -167.959 
-55.5333 -167.939 
-55.5325 -167.919 
-55.5317 -167.899 
-55.531 -167.879 
-55.5302 -167.859 
-55.5294 -167.839 
-55.5287 -167.818 
-55.5279 -167.798 
-55.5272 -167.778 
-55.5264 -167.758 
-55.5257 -167.737 
-55.525 -167.717 
-55.5242 -167.697 
-55.5235 -167.676 
-55.5228 -167.656 
-55.5221 -167.636 
-55.5214 -167.615 
-55.5207 -167.595 
-55.52 -167.575 
-55.5193 -167.554 
-55.5186 -167.534 
-55.5179 -167.513 
-55.5172 -167.493 
-55.5166 -167.472 
-55.5159 -167.452 
-55.5152 -167.431 
-55.5146 -167.411 
-55.5139 -167.39 
-55.5133 -167.37 
-55.5126 -167.349 
-55.512 -167.329 
-55.5113 -167.308 
-55.5107 -167.288 
-55.5101 -167.267 
-55.5094 -167.246 
-55.5088 -167.226 
-55.5082 -167.205 
-55.5076 -167.185 
-55.507 -167.164 
-55.5064 -167.143 
-55.5058 -167.123 
-55.5052 -167.102 
-55.5046 -167.081 
-55.5041 -167.061 
-55.5035 -167.04 
-55.5029 -167.02 
-55.5024 -166.999 
-55.5018 -166.978 
-55.5012 -166.958 
-55.5007 -166.937 
-55.5001 -166.916 
-55.4996 -166.896 
-55.4991 -166.875 
-55.4985 -166.854 
-55.498 -166.834 
-55.4975 -166.813 
-55.497 -166.793 
-55.4964 -166.772 
-55.4959 -166.751 
-55.4954 -166.731 
-55.4949 -166.71 
-55.4944 -166.689 
-55.4939 -166.669 
-55.4935 -166.648 
-55.493 -166.628 
-55.4925 -166.607 
-55.492 -166.586 
-55.4916 -166.566 
-55.4911 -166.545 
-55.4906 -166.525 
-55.4902 -166.504 
-55.4897 -166.483 
-55.4893 -166.463 
-55.4888 -166.442 
-55.4884 -166.422 
-55.488 -166.401 
-55.4875 -166.381 
-55.4871 -166.36 
-55.4867 -166.34 
-55.4863 -166.319 
-55.4859 -166.299 
-55.4855 -166.278 
-55.4851 -166.258 
-55.4847 -166.238 
-55.4843 -166.217 
-55.4839 -166.197 
-55.4835 -166.176 
-55.4831 -166.156 
-55.4827 -166.136 
-55.4824 -166.115 
-55.482 -166.095 
-55.4816 -166.075 
-55.4813 -166.054 
-55.4809 -166.034 
-55.4806 -166.014 
-55.4802 -165.994 
-55.4799 -165.973 
-55.4796 -165.953 
-55.4792 -165.933 
-55.4789 -165.913 
-55.4786 -165.893 
-55.4783 -165.872 
-55.4779 -165.852 
-55.4776 -165.832 
-55.4773 -165.812 
-55.477 -165.792 
-55.4767 -165.772 
-55.4764 -165.752 
-55.4761 -165.732 
-55.4759 -165.712 
-55.4756 -165.692 
-55.4753 -165.672 
-55.475 -165.652 
-55.4748 -165.632 
-55.4745 -165.613 
-55.4742 -165.593 
-55.474 -165.573 
-55.4737 -165.553 
-55.4735 -165.533 
-55.4732 -165.514 
-55.473 -165.494 
-55.4728 -165.474 
-55.4725 -165.455 
-55.4723 -165.435 
-55.4721 -165.415 
-55.4718 -165.396 
-55.4716 -165.376 
-55.4714 -165.357 
-55.4712 -165.337 
-55.471 -165.318 
-55.4708 -165.298 
-55.4706 -165.279 
-55.4704 -165.259 
-55.4702 -165.24 
-55.47 -165.221 
-55.4699 -165.201 
-55.4697 -165.182 
-55.4695 -165.163 
-55.4693 -165.144 
-55.4692 -165.124 
-55.469 -165.105 
-55.4688 -165.086 
-55.4687 -165.067 
-55.4685 -165.048 
-55.4684 -165.029 
-55.4683 -165.01 
-55.4681 -164.991 
-55.468 -164.972 
-55.4678 -164.953 
-55.4677 -164.934 
-55.4676 -164.916 
-55.4675 -164.897 
-55.4674 -164.878 
-55.4672 -164.859 
-55.4671 -164.841 
-55.467 -164.822 
-55.4669 -164.803 
-55.4668 -164.785 
-55.4667 -164.766 
-55.4666 -164.748 
-55.4665 -164.729 
-55.4665 -164.711 
-55.4664 -164.693 
-55.4663 -164.674 
-55.4662 -164.656 
-55.4662 -164.638 
-55.4661 -164.619 
-55.466 -164.601 
-55.466 -164.583 
-55.4659 -164.565 
-55.4659 -164.547 
-55.4658 -164.529 
-55.4658 -164.511 
-55.4657 -164.493 
-55.4657 -164.475 
-55.4656 -164.457 
-55.4656 -164.439 
-55.4656 -164.421 
-55.4656 -164.403 
-55.4655 -164.386 
-55.4655 -164.368 
-55.4655 -164.35 
-55.4655 -164.333 
-55.4655 -164.315 
-55.4655 -164.298 
-55.4655 -164.28 
-55.4655 -164.263 
-55.4655 -164.245 
-55.4655 -164.228 
-55.4655 -164.211 
-55.4655 -164.193 
-55.4655 -164.176 
-55.4655 -164.159 
-55.4656 -164.142 
-55.4656 -164.125 
-55.4656 -164.107 
-55.4657 -164.09 
-55.4657 -164.073 
-55.4657 -164.057 
-55.4658 -164.04 
-55.4658 -164.023 
-55.4659 -164.006 
-55.4659 -163.989 
-55.466 -163.973 
-55.466 -163.956 
-55.4661 -163.939 
-55.4662 -163.923 
-55.4662 -163.906 
-55.4663 -163.89 
-55.4664 -163.873 
-55.4664 -163.857 
-55.4665 -163.841 
-55.4666 -163.824 
-55.4667 -163.808 
-55.4668 -163.792 
-55.4669 -163.776 
-55.467 -163.76 
-55.467 -163.743 
-55.4671 -163.727 
-55.4672 -163.712 
-55.4674 -163.696 
-55.4675 -163.68 
-55.4676 -163.664 
-55.4677 -163.648 
-55.4678 -163.632 
-55.4679 -163.617 
-55.468 -163.601 
-55.4682 -163.586 
-55.4683 -163.57 
-55.4684 -163.554 
-55.4685 -163.539 
-55.4687 -163.524 
-55.4688 -163.508 
-55.469 -163.493 
-55.4691 -163.478 
-55.4692 -163.463 
-55.4694 -163.447 
-55.4695 -163.432 
-55.4697 -163.417 
-55.4699 -163.402 
-55.47 -163.387 
-55.4702 -163.373 
-55.4703 -163.358 
-55.4705 -163.343 
-55.4707 -163.328 
-55.4708 -163.314 
-55.471 -163.299 
-55.4712 -163.284 
-55.4714 -163.27 
-55.4715 -163.255 
-55.4717 -163.241 
-55.4719 -163.227 
-55.4721 -163.212 
-55.4723 -163.198 
-55.4725 -163.184 
-55.4727 -163.17 
-55.4729 -163.155 
-55.4731 -163.141 
-55.4733 -163.127 
-55.4735 -163.113 
-55.4737 -163.099 
-55.4739 -163.086 
-55.4741 -163.072 
-55.4743 -163.058 
-55.4745 -163.044 
-55.4748 -163.031 
-55.475 -163.017 
-55.4752 -163.004 
-55.4754 -162.99 
-55.4757 -162.977 
-55.4759 -162.963 
-55.4761 -162.95 
-55.4763 -162.937 
-55.4766 -162.923 
-55.4768 -162.91 
-55.4771 -162.897 
-55.4773 -162.884 
-55.4775 -162.871 
-55.4778 -162.858 
-55.478 -162.845 
-55.4783 -162.832 
-55.4785 -162.82 
-55.4788 -162.807 
-55.479 -162.794 
-55.4793 -162.781 
-55.4796 -162.769 
-55.4798 -162.756 
-55.4801 -162.744 
-55.4804 -162.731 
-55.4806 -162.719 
-55.4809 -162.707 
-55.4812 -162.695 
-55.4814 -162.682 
-55.4817 -162.67 
-55.482 -162.658 
-55.4823 -162.646 
-55.4826 -162.634 
-55.4828 -162.622 
-55.4831 -162.61 
-55.4834 -162.598 
-55.4837 -162.587 
-55.484 -162.575 
-55.4843 -162.563 
-55.4846 -162.552 
-55.4849 -162.54 
-55.4852 -162.529 
-55.4855 -162.517 
-55.4858 -162.506 
-55.4861 -162.495 
-55.4864 -162.483 
-55.4867 -162.472 
-55.487 -162.461 
-55.4873 -162.45 
-55.4876 -162.439 
-55.4879 -162.428 
-55.4882 -162.417 
-55.4885 -162.406 
-55.4889 -162.395 
-55.4892 -162.384 
-55.4895 -162.374 
-55.4898 -162.363 
-55.4901 -162.352 
-55.4905 -162.342 
-55.4908 -162.331 
-55.4911 -162.321 
-55.4914 -162.31 
-55.4918 -162.3 
-55.4921 -162.29 
-55.4924 -162.279 
-55.4928 -162.269 
-55.4931 -162.259 
-55.4935 -162.249 
-55.4938 -162.239 
-55.4941 -162.229 
-55.4945 -162.219 
-55.4948 -162.209 
-55.4952 -162.2 
-55.4955 -162.19 
-55.4958 -162.18 
-55.4962 -162.171 
-55.4965 -162.161 
-55.4969 -162.151 
-55.4972 -162.142 
-55.4976 -162.133 
-55.498 -162.123 
-55.4983 -162.114 
-55.4987 -162.105 
-55.499 -162.096 
-55.4994 -162.086 
-55.4997 -162.077 
-55.5001 -162.068 
-55.5005 -162.059 
-55.5008 -162.05 
-55.5012 -162.042 
-55.5016 -162.033 
-55.5019 -162.024 
-55.5023 -162.015 
-55.5027 -162.007 
-55.503 -161.998 
-55.5034 -161.99 
-55.5038 -161.981 
-55.5042 -161.973 
-55.5045 -161.964 
-55.5049 -161.956 
-55.5053 -161.948 
-55.5057 -161.939 
-55.506 -161.931 
-55.5064 -161.923 
-55.5068 -161.915 
-55.5072 -161.907 
-55.5076 -161.899 
-55.5079 -161.891 
-55.5083 -161.884 
-55.5087 -161.876 
-55.5091 -161.868 
-55.5095 -161.86 
-55.5099 -161.853 
-55.5103 -161.845 
-55.5106 -161.838 
-55.511 -161.83 
-55.5114 -161.823 
-55.5118 -161.815 
-55.5122 -161.808 
-55.5126 -161.801 
-55.513 -161.794 
-55.5134 -161.787 
-55.5138 -161.78 
-55.5142 -161.772 
-55.5146 -161.766 
-55.515 -161.759 
-55.5154 -161.752 
-55.5158 -161.745 
-55.5162 -161.738 
-55.5166 -161.731 
-55.517 -161.725 
-55.5174 -161.718 
-55.5178 -161.712 
-55.5182 -161.705 
-55.5186 -161.699 
-55.519 -161.692 
-55.5194 -161.686 
-55.5198 -161.68 
-55.5202 -161.673 
-55.5206 -161.667 
-55.521 -161.661 
-55.5214 -161.655 
-55.5218 -161.649 
-55.5223 -161.643 
-55.5227 -161.637 
-55.5231 -161.631 
-55.5235 -161.625 
-55.5239 -161.62 
-55.5243 -161.614 
-55.5247 -161.608 
-55.5251 -161.603 
-55.5255 -161.597 
-55.526 -161.591 
-55.5264 -161.586 
-55.5268 -161.581 
-55.5272 -161.575 
-55.5276 -161.57 
-55.528 -161.565 
-55.5284 -161.559 
-55.5289 -161.554 
-55.5293 -161.549 
-55.5297 -161.544 
-55.5301 -161.539 
-55.5305 -161.534 
-55.5309 -161.529 
-55.5314 -161.524 
-55.5318 -161.519 
-55.5322 -161.515 
-55.5326 -161.51 
-55.533 -161.505 
-55.5335 -161.501 
-55.5339 -161.496 
-55.5343 -161.492 
-55.5347 -161.487 
-55.5351 -161.483 
-55.5355 -161.478 
-55.536 -161.474 
-55.5364 -161.47 
-55.5368 -161.466 
-55.5372 -161.461 
-55.5377 -161.457 
-55.5381 -161.453 
-55.5385 -161.449 
-55.5389 -161.445 
-55.5393 -161.441 
-55.5398 -161.437 
-55.5402 -161.433 
-55.5406 -161.43 
-55.541 -161.426 
-55.5414 -161.422 
-55.5419 -161.419 
-55.5423 -161.415 
-55.5427 -161.411 
-55.5431 -161.408 
-55.5436 -161.404 
-55.544 -161.401 
-55.5444 -161.398 
-55.5448 -161.394 
-55.5452 -161.391 
-55.5457 -161.388 
-55.5461 -161.385 
-55.5465 -161.382 
-55.5469 -161.378 
-55.5474 -161.375 
-55.5478 -161.372 
-55.5482 -161.369 
-55.5486 -161.367 
-55.549 -161.364 
-55.5495 -161.361 
-55.5499 -161.358 
-55.5503 -161.355 
-55.5507 -161.353 
-55.5512 -161.35 
-55.5516 -161.347 
-55.552 -161.345 
-55.5524 -161.342 
-55.5528 -161.34 
-55.5533 -161.337 
-55.5537 -161.335 
-55.5541 -161.333 
-55.5545 -161.331 
-55.5549 -161.328 
-55.5554 -161.326 
-55.5558 -161.324 
-55.5562 -161.322 
-55.5566 -161.32 
-55.557 -161.318 
-55.5575 -161.316 
-55.5579 -161.314 
-55.5583 -161.312 
-55.5587 -161.31 
-55.5591 -161.308 
-55.5595 -161.306 
-55.56 -161.305 
-55.5604 -161.303 
-55.5608 -161.301 
-55.5612 -161.3 
-55.5616 -161.298 
-55.562 -161.297 
-55.5625 -161.295 
-55.5629 -161.294 
-55.5633 -161.292 
-55.5637 -161.291 
-55.5641 -161.29 
-55.5645 -161.289 
-55.5649 -161.287 
-55.5654 -161.286 
-55.5658 -161.285 
-55.5662 -161.284 
-55.5666 -161.283 
-55.567 -161.282 
-55.5674 -161.281 
-55.5678 -161.28 
-55.5682 -161.279 
-55.5686 -161.278 
-55.5691 -161.277 
-55.5695 -161.276 
-55.5699 -161.276 
-55.5703 -161.275 
-55.5707 -161.274 
-55.5711 -161.274 
-55.5715 -161.273 
-55.5719 -161.273 
-55.5723 -161.272 
-55.5727 -161.272 
-55.5731 -161.271 
-55.5735 -161.271 
-55.5739 -161.27 
-55.5743 -161.27 
-55.5747 -161.27 
-55.5751 -161.269 
-55.5755 -161.269 
-55.5759 -161.269 
-55.5763 -161.269 
-55.5767 -161.269 
-55.5771 -161.269 
-55.5775 -161.269 
-55.5779 -161.269 
-55.5783 -161.269 
-55.5787 -161.269 
-55.5791 -161.269 
-55.5795 -161.269 
-55.5799 -161.269 
-55.5803 -161.269 
-55.5807 -161.27 
-55.5811 -161.27 
-55.5815 -161.27 
-55.5819 -161.271 
-55.5823 -161.271 
-55.5826 -161.271 
-55.583 -161.272 
-55.5834 -161.272 
-55.5838 -161.273 
-55.5842 -161.274 
-55.5846 -161.274 
-55.585 -161.275 
-55.5854 -161.275 
-55.5857 -161.276 
-55.5861 -161.277 
-55.5865 -161.278 
-55.5869 -161.278 
-55.5873 -161.279 
-55.5877 -161.28 
-55.588 -161.281 
-55.5884 -161.282 
-55.5888 -161.283 
-55.5892 -161.284 
-55.5895 -161.285 
-55.5899 -161.286 
-55.5903 -161.287 
-55.5907 -161.288 
-55.591 -161.289 
-55.5914 -161.291 
-55.5918 -161.292 
-55.5922 -161.293 
-55.5925 -161.294 
-55.5929 -161.296 
-55.5933 -161.297 
-55.5936 -161.298 
-55.594 -161.3 
-55.5944 -161.301 
-55.5947 -161.303 
-55.5951 -161.304 
-55.5955 -161.306 
-55.5958 -161.307 
-55.5962 -161.309 
-55.5966 -161.31 
-55.5969 -161.312 
-55.5973 -161.314 
-55.5977 -161.315 
-55.598 -161.317 
-55.5984 -161.319 
-55.5987 -161.321 
-55.5991 -161.322 
-55.5994 -161.324 
-55.5998 -161.326 
-55.6001 -161.328 
-55.6005 -161.33 
-55.6009 -161.332 
-55.6012 -161.334 
-55.6016 -161.336 
-55.6019 -161.338 
-55.6022 -161.34 
-55.6026 -161.342 
-55.6029 -161.344 
-55.6033 -161.346 
-55.6036 -161.348 
-55.604 -161.351 
-55.6043 -161.353 
-55.6047 -161.355 
-55.605 -161.357 
-55.6053 -161.36 
-55.6057 -161.362 
-55.606 -161.364 
-55.6064 -161.367 
-55.6067 -161.369 
-55.607 -161.371 
-55.6074 -161.374 
-55.6077 -161.376 
-55.608 -161.379 
-55.6084 -161.381 
-55.6087 -161.384 
-55.609 -161.386 
-55.6094 -161.389 
-55.6097 -161.392 
-55.61 -161.394 
-55.6103 -161.397 
-55.6107 -161.4 
-55.611 -161.402 
-55.6113 -161.405 
-55.6116 -161.408 
-55.6119 -161.411 
-55.6123 -161.413 
-55.6126 -161.416 
-55.6129 -161.419 
-55.6132 -161.422 
-55.6135 -161.425 
-55.6139 -161.428 
-55.6142 -161.431 
-55.6145 -161.434 
-55.6148 -161.436 
-55.6151 -161.439 
-55.6154 -161.442 
-55.6157 -161.446 
-55.616 -161.449 
-55.6163 -161.452 
-55.6166 -161.455 
-55.6169 -161.458 
-55.6173 -161.461 
-55.6176 -161.464 
-55.6179 -161.467 
-55.6182 -161.471 
-55.6185 -161.474 
-55.6188 -161.477 
-55.6191 -161.48 
-55.6194 -161.483 
-55.6196 -161.487 
-55.6199 -161.49 
-55.6202 -161.493 
-55.6205 -161.497 
-55.6208 -161.5 
-55.6211 -161.504 
-55.6214 -161.507 
-55.6217 -161.51 
-55.622 -161.514 
-55.6223 -161.517 
